Scheme Code;Scheme Name;ISIN Div Payout/ISIN Growth;ISIN Div Reinvestment;Net Asset Value;Repurchase Price;Sale Price;Date

Open Ended Schemes ( Income )


Aditya Birla Sun Life Mutual Fund
106270;BIRLA SUN LIFE CAPITAL PROTECTION ORIENTED FUND-3 YRS- DIVIDEND;;;11.5422;11.5422;11.5422;11-Jun-2010
106269;BIRLA SUN LIFE CAPITAL PROTECTION ORIENTED FUND-3 YRS- GROWTH;;;11.5422;11.5422;11.5422;11-Jun-2010
106271;BIRLA SUN LIFE CAPITAL PROTECTION ORIENTED FUND-5 YRS-DIVIDEND;;;12.0858;12.0858;12.0858;11-Jun-2010
106272;BIRLA SUN LIFE CAPITAL PROTECTION ORIENTED FUND-5 YRS-GROWTH;;;12.0858;12.0858;12.0858;11-Jun-2010
100970;Aditya Birla Sun Life MIP - Regular Plan - Growth;INF209K01694;;25.1089;25.0461;25.1089;11-Jun-2010
100971;Aditya Birla Sun Life MIP - Regular Plan - Monthly Dividend;INF209K01702;;11.2963;11.2681;11.2963;11-Jun-2010
100972;Aditya Birla Sun Life MIP - Regular Plan - Monthly Payment;INF209K01710;;25.1089;25.0461;25.1089;11-Jun-2010
101713;Aditya Birla Sun Life MIP II - Saving 5 Plan - Growth - Regular Plan;INF209K01728;;16.6793;16.5125;16.6793;11-Jun-2010
101711;Aditya Birla Sun Life MIP II - Savings 5 Plan - Monthly Dividend - Regular Plan;INF209K01736;INF209K01DE3;11.2205;11.1083;11.2205;11-Jun-2010
101712;Aditya Birla Sun Life MIP II - Savings 5 Plan - Monthly Growth /Payment;INF209K01744;;16.6793;16.5125;16.6793;11-Jun-2010
103184;Aditya Birla Sun Life Monthly Income - Dividend - Regular Plan;INF209K01AX9;INF209K01DX3;11.2388;11.1264;11.2388;11-Jun-2010
103185;Aditya Birla Sun Life Monthly Income - Growth - Regular Plan;INF209K01AZ4;;34.6081;34.2620;34.6081;11-Jun-2010
103186;Aditya Birla Sun Life Monthly Income - Quarterly Dividend - Regular Plan;INF209K01AY7;INF209K01DY1;11.8576;11.7390;11.8576;11-Jun-2010

Bandhan Mutual Fund
108784;BANDHAN Dynamic Bond Fund - Annual Dividend;INF194K01QE9;INF194K01QD1;11.8141;11.8141;11.8141;11-Jun-2010
108554;BANDHAN Dynamic Bond Fund - Quarterly Dividend;INF194K01QB5;INF194K01QA7;10.7027;10.7027;10.7027;11-Jun-2010
108625;IDFC - SSIF - ST -Plan B - Growth;INF194K01HM1;;10.7685;10.7685;10.7685;11-Jun-2010
108759;IDFC - SSIF - ST -Plan B - Monthly Dividend;INF194K01HO7;INF194K01HN9;10.0674;10.0674;10.0674;11-Jun-2010
112367;IDFC - SSIF - Short Term- Plan F Growth;INF194K01IH9;;10.1809;10.1809;10.1809;11-Jun-2010
108786;IDFC Dynamic Bond Fund - Growth;INF194K01PZ6;;18.3826;18.3826;18.3826;11-Jun-2010
108742;IDFC Money Manager Fund-Investment Plan-Regular Plan-Daily Div.;INF194K01NW8;INF194K01NV0;10.0150;10.0150;10.0150;11-Jun-2010
108736;IDFC Money Manager Fund-Investment Plan-Regular Plan-Growth;INF194K01NO5;;14.4798;14.4798;14.4798;11-Jun-2010
108739;IDFC Money Manager Fund-Investment Plan-Regular Plan-Monthly Div.;INF194K01OC8;INF194K01OB0;10.0162;10.0162;10.0162;11-Jun-2010
108740;IDFC Money Manager Fund-Investment Plan-Regular Plan-Weekly Div.;INF194K01NZ1;INF194K01NY4;10.0177;10.0177;10.0177;11-Jun-2010
109247;IDFC-Money Manager Fund-Investment Plan A-Weekly Div.;INF194K01NM9;INF194K01NL1;10.0130;10.0130;10.0130;11-Jun-2010
108734;IDFC-Money Manager Fund-Investment Plan-Annual Div.;INF194K01NA4;INF194K01MZ3;11.1812;11.1812;11.1812;11-Jun-2010
108732;IDFC-Money Manager Fund-Investment Plan-Growth;INF194K01MY6;;14.2074;14.2074;14.2074;11-Jun-2010
108741;IDFC-Money Manager Fund-Investment Plan-Plan A-Daily Div.;INF194K01NG1;INF194K01NF3;10.0150;10.0150;10.0150;11-Jun-2010
108735;IDFC-Money Manager Fund-Investment Plan-Plan A-Monthly Div.;INF194K01NJ5;INF194K01NI7;10.0577;10.0577;10.0577;11-Jun-2010
108733;IDFC-Money Manager Fund-Investment Plan-Qtrly Div.;INF194K01ND8;INF194K01NC0;10.3005;10.3005;10.3005;11-Jun-2010
112362;IDFC Money Manager Fund - Investment Plan- Plan F Growth;INF194K01OE4;;10.1469;10.1469;10.1469;11-Jun-2010
111922;IDFC-Money Manager Fund-Treasury  Plan D-Growth;INF194K01MN9;;10.3899;10.3899;10.3899;11-Jun-2010
111923;IDFC-Money Manager Fund-Treasury Plan  D-Daily Dividend;INF194K01MP4;INF194K01MR0;10.0007;10.0007;10.0007;11-Jun-2010
108676;IDFC-Money Manager Fund-Treasury Plan-Plan B - Growth;INF194K01LT8;;14.8706;14.8706;14.8706;11-Jun-2010
108677;IDFC-Money Manager Fund-Treasury Plan-Plan B-Daily Div;INF194K01LY8;INF194K01LX0;10.0703;10.0703;10.0703;11-Jun-2010
108679;IDFC-Money Manager Fund-Treasury Plan-Plan B-Mon Div;INF194K01LV4;INF194K01LU6;10.0835;10.0835;10.0835;11-Jun-2010
108678;IDFC-Money Manager Fund-Treasury Plan-Plan B-Weekly Div;INF194K01MB4;INF194K01MA6;10.0234;10.0234;10.0234;11-Jun-2010
112364;IDFC-Money Manager Fund-Treasury Plan-Plan F  Growth;INF194K01MU4;;10.1386;10.1386;10.1386;11-Jun-2010
111681;IDFC SSIF - MT (Plan B)Inst- Growth Plan;INF194K01KK9;;10.1629;10.1629;10.1629;11-Jun-2010
111680;IDFC SSIF - MT (Plan B) Inst - Dividend;INF194K01KV6;INF194K01KU8;11.3635;11.3635;11.3635;11-Jun-2010
112397;IDFC Super Saver Income Fund- MT-Plan F Growth;INF194K01LF7;;10.3454;10.3454;10.3454;11-Jun-2010
111532;IDFC-SSIF-Investment Plan B DIVIDEND;INF194K01JG9;INF194K01JF1;10.5273;10.5273;10.5273;11-Jun-2010
111529;IDFC-SSIF-Investment Plan B- GROWTH;INF194K01IV0;;10.8463;10.8463;10.8463;11-Jun-2010
111761;IDFC-SSIF-Investment Plan C- DIVIDEND;INF194K01JK1;INF194K01JJ3;10.3891;10.3891;10.3891;11-Jun-2010
111762;IDFC-SSIF-Investment Plan C- GROWTH;INF194K01JI5;;10.4696;10.4696;10.4696;11-Jun-2010

Baroda BNP Paribas Mutual Fund
112314;Baroda Pioneer PSU Bond Fund - Plan A - Growth Option;INF955L01245;;10.3468;10.2951;10.3468;11-Jun-2010
112345;Baroda Pioneer PSU Bond Fund - Plan A - Monthly Dividend Option;INF955L01252;INF955L01260;10.0570;10.0067;10.0570;11-Jun-2010
112346;Baroda Pioneer PSU Bond Fund - Plan A - Quarterly Dividend Option;INF955L01278;INF955L01286;10.2245;10.1734;10.2245;11-Jun-2010

Canara Robeco Mutual Fund
110147;Canara Robeco Interval Scheme Series2 (Quarterly Plan2) - Regular Plan - Dividend Option;INF760K01BG4;;10.0017;10.0017;10.0017;11-Jun-2010
110146;Canara Robeco Interval Scheme Series2 (Quarterly Plan2) - Regular Plan - Growth Option;INF760K01BH2;;10.4458;10.4458;10.4458;11-Jun-2010
110148;Canara Robeco Interval Scheme Series2 (Quarterly Plan2) - Retail Plan - Dividend Option;INF760K01BI0;;10.0017;10.0017;10.0017;11-Jun-2010
110145;Canara Robeco Interval Scheme Series2 (Quarterly Plan2) - Retail Plan - Growth Option;INF760K01BJ8;;10.9140;10.9140;10.9140;11-Jun-2010
111879;Canara Robeco Short Term Fund- Institutional Plan - Growth;INF760K01688;;10.7996;10.7996;10.7996;11-Jun-2010
111880;Canara Robeco Short Term Fund- Institutional Plan - Monthly Dividend;INF760K01662;INF760K01670;10.1412;10.1412;10.1412;11-Jun-2010
112080;Canara Robeco Short Term Fund- Institutional Plan - Weekly Dividend;;INF760K01696;10.1204;10.1204;10.1204;11-Jun-2010
111883;Canara Robeco Short Term Fund- Regular Plan - Growth;INF760K01720;;10.7369;10.7369;10.7369;11-Jun-2010
111882;Canara Robeco Short Term Fund- Regular Plan - Monthly Dividend;INF760K01704;INF760K01712;10.1392;10.1392;10.1392;11-Jun-2010
112081;Canara Robeco Short Term Fund- Regular Plan - Weekly Dividend;;INF760K01738;10.1201;10.1201;10.1201;11-Jun-2010

Deutsche Mutual Fund
108195;DWS CASH OPPORTUNITIES FUND - DAILY DIV;;INF223J01AD4;10.0271;9.9268;10.0271;11-Jun-2010
106036;DWS CASH OPPORTUNITIES FUND - FORTNIGHTLY DIV;INF223J01AE2;INF223J01AF9;10.1481;10.0466;10.1481;11-Jun-2010
105973;DWS CASH OPPORTUNITIES FUND - GR;INF223J01AG7;;12.4131;12.2890;12.4131;11-Jun-2010
105974;DWS CASH OPPORTUNITIES FUND - MONTHLY DIV;INF223J01AH5;INF223J01AI3;10.2176;10.1154;10.2176;11-Jun-2010
106035;DWS CASH OPPORTUNITIES FUND - WEEKLY DIV;INF223J01AJ1;INF223J01AK9;10.1089;10.0078;10.1089;11-Jun-2010
107382;DWS CASH OPPORTUNITIES FUND INSTITUTIONAL - MONTHLY DIV;INF223J01986;INF223J01994;10.3035;10.2005;10.3035;11-Jun-2010
108245;DWS CASH OPPORTUNITIES FUND INSTITUTIONAL -Fortnightly;INF223J01952;INF223J01960;10.0989;9.9979;10.0989;11-Jun-2010
107380;DWS CASH OPPORTUNITIES FUND INSTITUTIONAL -GR;INF223J01978;;11.9155;11.7963;11.9155;11-Jun-2010
108243;DWS CASH OPPORTUNITIES FUND INSTITUTIONAL -Weekly;INF223J01AA0;INF223J01AB8;10.0842;9.9834;10.0842;11-Jun-2010
108244;DWS CASH OPPORTUNITIES FUND INSTITUTIONAL-Daily;;INF223J01945;10.0243;9.9241;10.0243;11-Jun-2010
106882;DWS Income Advantage Fund - Dividend;INF223J01CA6;INF223J01CB4;10.5384;10.4330;10.5384;11-Jun-2010
106881;DWS Income Advantage Fund - Growth;INF223J01BZ5;;12.4718;12.3471;12.4718;11-Jun-2010
106884;DWS Income Advantage FUND- Inst-Div;INF223J01BW2;INF223J01BX0;10.6113;10.5052;10.6113;11-Jun-2010
106883;DWS Income Advantage Fund- Inst-Gr;INF223J01BV4;;10.6974;10.5904;10.6974;11-Jun-2010
104426;DWS Low Duration Fund - Daily Dividend;;INF223J01CC2;10.0790;10.0538;10.0790;11-Jun-2010
104425;DWS Low Duration Fund - Growth;;INF223J01CE8;10.5180;10.4917;10.5180;11-Jun-2010
104428;DWS Low Duration Fund - Monthly Dividend;INF223J01CF5;INF223J01CG3;10.5362;10.5099;10.5362;11-Jun-2010
110073;DWS Low Duration Fund - Regular Plan - Bonus;INF223J01CJ7;;10.9682;10.9408;10.9682;11-Jun-2010
104234;DWS Low Duration Fund - Regular Plan - Daily Dividend;;INF223J01CK5;10.0645;10.0393;10.0645;11-Jun-2010
103591;DWS Low Duration Fund - Regular Plan - Growth;INF223J01CL3;;13.4062;13.3727;13.4062;11-Jun-2010
103590;DWS Low Duration Fund - Regular Plan - Monthly Dividend;INF223J01CM1;INF223J01CN9;10.2968;10.2711;10.2968;11-Jun-2010
103592;DWS Low Duration Fund - Regular Plan - Weekly Dividend;INF223J01CO7;INF223J01CP4;10.1621;10.1367;10.1621;11-Jun-2010
101731;DWS Premier Bond Fund - Annual Dividend;INF223J01CY6;INF223J01CZ3;12.6539;12.4641;12.6539;11-Jun-2010
101732;DWS Premier Bond Fund - Growth;INF223J01DB2;;15.9280;15.6891;15.9280;11-Jun-2010
111554;DWS Premier Bond Fund - Institutional Plan - Growth;INF223J01CT6;;11.0331;10.8676;11.0331;11-Jun-2010
111552;DWS Premier Bond Fund - Institutional Plan - Monthly Dividend;INF223J01CU4;INF223J01CV2;10.2551;10.1013;10.2551;11-Jun-2010
101730;DWS Premier Bond Fund - Monthly Dividend;INF223J01DC0;INF223J01DD8;12.3504;12.1651;12.3504;11-Jun-2010
101729;DWS Premier Bond Fund - Quarterly Dividend;INF223J01DE6;INF223J01DF3;11.6947;11.5193;11.6947;11-Jun-2010
101627;DWS Short Maturity Fund - Growth;INF223J01DT4;;16.8273;16.7432;16.8273;11-Jun-2010
111556;DWS Short Maturity Fund - Institutional Plan - Growth;INF223J01DG1;;11.2322;11.1760;11.2322;11-Jun-2010
111557;DWS Short Maturity Fund - Institutional Plan - Monthly Dividend;INF223J01DH9;INF223J01DI7;10.2405;10.1893;10.2405;11-Jun-2010
111558;DWS Short Maturity Fund - Institutional Plan - Weekly Dividend;INF223J01DJ5;INF223J01DK3;10.4161;10.3640;10.4161;11-Jun-2010
101625;DWS Short Maturity Fund - Monthly Dividend;INF223J01DU2;INF223J01DV0;11.4792;11.4218;11.4792;11-Jun-2010
101626;DWS Short Maturity Fund - Weekly Dividend;INF223J01DX6;INF223J01DY4;10.2402;10.1890;10.2402;11-Jun-2010
109301;DWS Ultra Short Term Fund - Daily Dividend;;INF223J01FH4;10.0179;10.0179;10.0179;11-Jun-2010
109302;DWS Ultra Short Term Fund - Growth;INF223J01FK8;;10.9335;10.9335;10.9335;11-Jun-2010
109303;DWS Ultra Short Term Fund - Monthly Dividend;INF223J01FL6;INF223J01FM4;10.0938;10.0938;10.0938;11-Jun-2010
111870;DWS Ultra Short Term Fund - Premium Plus Plan - Daily Dividend;;INF223J01FS1;10.0213;10.0213;10.0213;11-Jun-2010
110072;DWS Ultra Short Term Fund - Regular Plan - Bonus;INF223J01GA7;;11.0316;11.0316;11.0316;11-Jun-2010
107821;DWS Ultra Short Term Fund - Regular Plan - Daily Dividend;;INF223J01FW3;10.0215;10.0215;10.0215;11-Jun-2010
107820;DWS Ultra Short Term Fund - Regular Plan - Growth;INF223J01FX1;;15.1063;15.1063;15.1063;11-Jun-2010
107823;DWS Ultra Short Term Fund - Regular Plan - Monthly Dividend;INF223J01FY9;INF223J01FZ6;10.2041;10.2041;10.2041;11-Jun-2010
107822;DWS Ultra Short Term Fund - Regular Plan - Weekly Dividend;INF223J01GB5;INF223J01GC3;10.5109;10.5109;10.5109;11-Jun-2010
109300;DWS Ultra Short Term Fund - Weekly Dividend;INF223J01FO0;INF223J01FP7;10.0877;10.0877;10.0877;11-Jun-2010

DSP Mutual Fund
101742;DSP BlackRock Savings Manager Fund - Moderate-Growth;;;19.0847;18.8939;19.0847;11-Jun-2010
101743;DSP BlackRock Savings Manager Fund - Moderate-Monthly Dividend;;;11.3559;11.2423;11.3559;11-Jun-2010
101744;DSP BlackRock Savings Manager Fund - Moderate-Quarterly Dividend;;;11.7962;11.6782;11.7962;11-Jun-2010
111785;DSP BlackRock Strategic Bond Fund - Regular Plan - Daily Dividend;;;1001.5000;1001.5000;1001.5000;11-Jun-2010
105665;DSP BlackRock Strategic Bond Fund - Regular Plan - Dividend;INF740K01QT7;INF740K01QW1;1039.0760;1039.0760;1039.0760;11-Jun-2010
105666;DSP BlackRock Strategic Bond Fund - Regular Plan - Growth;INF740K01QU5;;1190.3500;1190.3500;1190.3500;11-Jun-2010
105664;DSP BlackRock Strategic Bond Fund - Regular Plan - Monthly Dividend;INF740K01698;INF740K01QX9;1019.1601;1019.1601;1019.1601;11-Jun-2010
105877;DSP BlackRock Strategic Bond Fund - Regular Plan - Weekly Dividend;;;1003.9988;1003.9988;1003.9988;11-Jun-2010
104143;DSP BlackRock Ultra Short Fund - Institutional Plan - Daily Dividend Reinvest;;;1000.8000;1000.8000;1000.8000;11-Jun-2010
104142;DSP BlackRock Ultra Short Fund - Institutional Plan - Growth;INF740K01FS2;;1293.3450;1293.3450;1293.3450;11-Jun-2010
104141;DSP BlackRock Ultra Short Fund - Institutional Plan - Weekly Dividend;;;1000.9273;1000.9273;1000.9273;11-Jun-2010
103275;DSP Credit Risk Fund - Institutional Plan-Daily Dividend Reinvest;;;1000.5452;1000.5452;1000.5452;11-Jun-2010
103274;DSP Credit Risk Fund - Institutional Plan-Dividend;INF740K01FP8;INF740K01FO1;1015.2242;1015.2242;1015.2242;11-Jun-2010
103277;DSP Credit Risk Fund - Institutional Plan-Growth;INF740K01FN3;;1338.7762;1338.7762;1338.7762;11-Jun-2010
103276;DSP Credit Risk Fund - Institutional Plan-Weekly Dividend Reinvest;;;1000.7373;1000.7373;1000.7373;11-Jun-2010

Edelweiss Mutual Fund
109955;Edelweiss Bond Fund  - Growth Option;INF754K01AH7;;11.1842;11.1730;11.1842;11-Jun-2010
109950;Edelweiss Bond Fund - Daily Dividend Option;;INF754K01AL9;10.0000;9.9900;10.0000;11-Jun-2010
109954;Edelweiss Bond Fund - Monthly Dividend Option;INF754K01AI5;INF754K01AK1;10.0133;10.0033;10.0133;11-Jun-2010
109956;Edelweiss Bond Fund - Retail Plan - Daily Dividend Option;;INF754K01AE4;10.0000;9.9900;10.0000;11-Jun-2010
109953;Edelweiss Bond Fund - Retail Plan - Fortnightly Dividend Option;;INF754K01AG9;10.0005;9.9905;10.0005;11-Jun-2010
109949;Edelweiss Bond Fund - Retail Plan - Growth Option;INF754K01AA2;;11.1425;11.1314;11.1425;11-Jun-2010
109958;Edelweiss Bond Fund - Retail Plan - Monthly Dividend Option;INF754K01AB0;INF754K01AD6;10.0865;10.0764;10.0865;11-Jun-2010
109951;Edelweiss Bond Fund - Retail Plan - Weekly Dividend Option;;INF754K01AF1;10.0026;9.9926;10.0026;11-Jun-2010
110287;Edelweiss Short Term Income Fund - Dividend Option;INF754K01830;INF754K01848;10.0108;9.5103;10.0108;11-Jun-2010
110285;Edelweiss Short Term Income Fund - Growth Option;INF754K01822;;11.2047;10.6445;11.2047;11-Jun-2010
110286;Edelweiss Short Term Income Fund - Institutional Plan - Growth Option;INF754K01855;;10.7957;10.2559;10.7957;11-Jun-2010

Fidelity Mutual Fund
104220;Fidelity Flexi Bond Fund - Institutional Plan Dividend Option;;;10.0000;10.0000;10.0000;11-Jun-2010
104219;Fidelity Flexi Bond Fund - Institutional Plan Growth Option;;;9.9813;9.8815;9.9813;11-Jun-2010
104218;Fidelity Flexi Bond Fund - Retail Plan Dividend Option;;;10.0874;9.9865;10.0874;11-Jun-2010
104217;Fidelity Flexi Bond Fund - Retail Plan Growth Option;;;12.6037;12.4777;12.6037;11-Jun-2010
106572;Fidelity Ultra Short Term Debt Fund - Institutional Plan - Daily Dividend Option;;INF677K01999;10.0025;9.9925;10.0025;11-Jun-2010
106571;Fidelity Ultra Short Term Debt Fund - Institutional Plan - Growth Option;;;11.6090;11.5974;11.6090;11-Jun-2010
106579;Fidelity Ultra Short Term Debt Fund - Institutional Plan - Monthly Dividend Option;INF677K01AC1;INF677K01AD9;10.0051;9.9951;10.0051;11-Jun-2010
106573;Fidelity Ultra Short Term Debt Fund - Institutional Plan - Weekly Dividend Option;INF677K01AA5;INF677K01AB3;10.0056;9.9956;10.0056;11-Jun-2010
106574;Fidelity Ultra Short Term Debt Fund - Retail Plan - Growth Option;;;11.8605;11.8486;11.8605;11-Jun-2010
106575;Fidelity Ultra Short Term Debt Fund - Retail Plan - Monthly Dividend Option;;;10.0206;10.0106;10.0206;11-Jun-2010
108409;Fidelity Ultra Short Term Debt Fund - Retail Plan - Weekly Dividend Option;;INF677K01957;10.0048;9.9948;10.0048;11-Jun-2010
106576;Fidelity Ultra Short Term Debt Fund - Super Institutional Plan - Daily Dividend Option;;;10.0050;9.9950;10.0050;11-Jun-2010
106578;Fidelity Ultra Short Term Debt Fund - Super Institutional Plan - Growth Option;;;12.0321;12.0201;12.0321;11-Jun-2010
106580;Fidelity Ultra Short Term Debt Fund - Super Institutional Plan - Monthly Dividend Option;;;10.0000;10.0000;10.0000;11-Jun-2010
106577;Fidelity Ultra Short Term Debt Fund - Super Institutional Plan - Weekly Dividend Option;INF677K01AG2;INF677K01AH0;10.0059;9.9959;10.0059;11-Jun-2010

Fortis Mutual Fund
111315;Fortis Bond Fund - Institutional Plan -Annual-Dividend Option;;;10.0101;9.9100;10.0101;11-Jun-2010
111310;Fortis Bond Fund - Institutional Plan -Growth Option;;;10.0517;9.9512;10.0517;11-Jun-2010
111309;Fortis Bond Fund - Regular Plan - Annual-Dividend Option;;;10.1127;10.0116;10.1127;11-Jun-2010
111307;Fortis Bond Fund - Regular Plan - Fortnightly-Dividend Option;;;0.0000;0.0000;0.0000;11-Jun-2010
111308;Fortis Bond Fund - Regular Plan - Growth Option;;;11.7973;11.6793;11.7973;11-Jun-2010
111314;Fortis Bond Fund - Regular Plan - Monthly-Dividend Option;;;10.0211;9.9209;10.0211;11-Jun-2010
111306;Fortis Bond Fund - Regular Plan - Quarterly-Dividend Option;;;10.1125;10.0114;10.1125;11-Jun-2010
111313;Fortis Bond Fund -Institutional Plan - Fortnightly-Dividend Option;;;0.0000;0.0000;0.0000;11-Jun-2010
111311;Fortis Bond Fund -Institutional Plan - Monthly-Dividend Option;;;10.0227;9.9225;10.0227;11-Jun-2010
111312;Fortis Bond Fund -Institutional Plan - Quarterly-Dividend Option;;;10.0226;9.9224;10.0226;11-Jun-2010
112102;Fortis Flexi Debt Fund-Regular Plan - Monthly Dividend Option;;;10.0944;10.0944;10.0944;11-Jun-2010
111728;Fortis Flexi Debt Fund-Regular Plan A - Daily Dividend Option;;;10.0864;10.0864;10.0864;11-Jun-2010
111724;Fortis Flexi Debt Fund-Regular Plan A - Growth Option;;;11.1067;11.1067;11.1067;11-Jun-2010
111725;Fortis Flexi Debt Fund-Regular Plan A - Half-Yearly Dividend Option;;;10.1863;10.1863;10.1863;11-Jun-2010
112103;Fortis Flexi Debt Fund-Regular Plan A - Monthly Dividend Option;;;10.0906;10.0906;10.0906;11-Jun-2010
111726;Fortis Flexi Debt Fund-Regular Plan A - Quarterly Dividend Option;;;10.1858;10.1858;10.1858;11-Jun-2010
111727;Fortis Flexi Debt Fund-Regular Plan A - Weekly Dividend Option;;;10.0476;10.0476;10.0476;11-Jun-2010
110808;Fortis Flexi Debt Fund-Regular Plan-Daily Dividend Option;;;10.0864;10.0864;10.0864;11-Jun-2010
110805;Fortis Flexi Debt Fund-Regular Plan-Growth Option;;;16.1477;16.1477;16.1477;11-Jun-2010
110807;Fortis Flexi Debt Fund-Regular Plan-Half-Yearly Dividend Option;;;10.1864;10.1864;10.1864;11-Jun-2010
110806;Fortis Flexi Debt Fund-Regular Plan-Quarterly Dividend Option;;;10.1859;10.1859;10.1859;11-Jun-2010
110809;Fortis Flexi Debt Fund-Regular Plan-Weekly Dividend Option;;;10.0476;10.0476;10.0476;11-Jun-2010
110770;Fortis Money Plus Fund-Institutional Plan- Daily Dividend Option (Compulsory Reinvestment);;;10.0031;10.0031;10.0031;11-Jun-2010
110767;Fortis Money Plus Fund-Institutional Plan-Growth Option;;;14.0297;14.0297;14.0297;11-Jun-2010
110769;Fortis Money Plus Fund-Institutional Plan-Monthly Dividend Option;;;10.0163;10.0163;10.0163;11-Jun-2010
110768;Fortis Money Plus Fund-Institutional Plan-Weekly Dividend Option;;;10.0014;10.0014;10.0014;11-Jun-2010
110771;Fortis Money Plus Fund-Regular Plan- Daily Dividend Option (Compulsory Reinvestment);;;10.0030;10.0030;10.0030;11-Jun-2010
110764;Fortis Money Plus Fund-Regular Plan-Growth Option;;;13.8597;13.8597;13.8597;11-Jun-2010
110766;Fortis Money Plus Fund-Regular Plan-Monthly Dividend Option;;;10.0161;10.0161;10.0161;11-Jun-2010
110765;Fortis Money Plus Fund-Regular Plan-Weekly Dividend Option;;;10.0014;10.0014;10.0014;11-Jun-2010
110841;Fortis Monthly Income Plan-Regular Plan-Growth Option;;;14.2949;14.2949;14.2949;11-Jun-2010
110842;Fortis Monthly Income Plan-Regular Plan-Monthly Dividend Option;;;10.0208;10.0208;10.0208;11-Jun-2010
110843;Fortis Monthly Income Plan-Regular Plan-Quarterly Dividend Option;;;10.0209;10.0209;10.0209;11-Jun-2010
110832;Fortis Short Term Income Fund-Institutional Plan-Daily Dividend Option;;;10.0031;10.0031;10.0031;11-Jun-2010
110831;Fortis Short Term Income Fund-Institutional Plan-Growth Option;;;10.6386;10.6386;10.6386;11-Jun-2010
110827;Fortis Short Term Income Fund-Institutional Plan-Monthly Dividend Option;;;10.0153;10.0153;10.0153;11-Jun-2010
110840;Fortis Short Term Income Fund-Institutional Plan-Quarterly Dividend Option;;;0.0000;0.0000;0.0000;11-Jun-2010
110833;Fortis Short Term Income Fund-Institutional Plan-Weekly Dividend Option;;;10.0014;10.0014;10.0014;11-Jun-2010
110835;Fortis Short Term Income Fund-Institutional Plus Plan-Daily Dividend Option;;;10.0030;10.0030;10.0030;11-Jun-2010
110834;Fortis Short Term Income Fund-Institutional Plus Plan-Growth Option;;;10.4027;10.4027;10.4027;11-Jun-2010
110836;Fortis Short Term Income Fund-Institutional Plus Plan-Monthly Dividend Option;;;0.0000;0.0000;0.0000;11-Jun-2010
110839;Fortis Short Term Income Fund-Institutional Plus Plan-Quarterly Dividend Option;;;0.0000;0.0000;0.0000;11-Jun-2010
110837;Fortis Short Term Income Fund-Institutional Plus Plan-Weekly Dividend Option;;;0.0000;0.0000;0.0000;11-Jun-2010
110828;Fortis Short Term Income Fund-Regular Plan-Growth Option;;;14.3938;14.3938;14.3938;11-Jun-2010
110829;Fortis Short Term Income Fund-Regular Plan-Monthly Dividend Option;;;10.0138;10.0138;10.0138;11-Jun-2010
110838;Fortis Short Term Income Fund-Regular Plan-Quarterly Dividend Option;;;10.0909;10.0909;10.0909;11-Jun-2010
110830;Fortis Short Term Income Fund-Regular Plan-Weekly Dividend Option;;;10.0013;10.0013;10.0013;11-Jun-2010

Franklin Templeton Mutual Fund
100551;Templeton India Children’s Asset Plan-Education Plan;INF090I01AF4;;30.9671;30.9671;30.9671;11-Jun-2010
100553;Templeton India Children’s Asset Plan-Gift Plan - Dividend;INF090I01AG2;INF090I01AH0;41.3333;41.3333;41.3333;11-Jun-2010
100552;Templeton India Children’s Asset Plan-Gift Plan - Growth;INF090I01AI8;;41.3333;41.3333;41.3333;11-Jun-2010

HDFC Mutual Fund
101430;HDFC Regular Savings Fund-GROWTH;INF179K01AY2;;18.2029;18.1119;18.2029;11-Jun-2010
101431;HDFC Regular Savings Fund-Monthly Dividend Option;INF179K01AW6;INF179K01AX4;10.3304;10.2787;10.3304;11-Jun-2010

HSBC Mutual Fund
102257;HSBC MIP - Regular -  Dividend - Monthly;INF336L01057;INF336L01065;11.3279;11.2146;11.3279;11-Jun-2010
102258;HSBC MIP - Regular - Dividend - Quarterly;INF336L01073;INF336L01081;11.6843;11.5675;11.6843;11-Jun-2010
102259;HSBC MIP - Regular - Growth;INF336L01040;;16.4124;16.2483;16.4124;11-Jun-2010

ICICI Prudential Mutual Fund
103062;ICICI Prudential Blended Plan B -  Dividend Option - I;INF109K01EA1;INF109K01AQ5;12.2341;12.1729;12.2341;11-Jun-2010
103061;ICICI Prudential Blended Plan B -  Growth Option - I;INF109K01AR3;;13.9156;13.8460;13.9156;11-Jun-2010
103064;ICICI Prudential Blended Plan B Institutional Dividend Option - II;INF109K01VY5;INF109K01VX7;10.2835;10.2321;10.2835;11-Jun-2010
101098;ICICI Prudential Child Care Plan Study - Cumulative;INF109K01597;;27.4789;27.2041;27.4789;11-Jun-2010
111996;ICICI Prudential Dynamic Bond Fund - Growth;INF109K01CB3;;10.3482;10.3482;10.3482;11-Jun-2010
111997;ICICI Prudential Dynamic Bond Fund - Monthly Dividend;INF109K01FE0;INF109K01CC1;10.0487;10.0487;10.0487;11-Jun-2010
111999;ICICI Prudential Dynamic Bond Fund - Premium Growth;INF109K01IZ9;;10.1695;10.1695;10.1695;11-Jun-2010
112000;ICICI Prudential Dynamic Bond Fund - Premium Monthly Dividend;INF109K01PM2;INF109K01JB8;10.0284;10.0284;10.0284;11-Jun-2010
112002;ICICI Prudential Dynamic Bond Fund - Premium Plus Growth;INF109K01RW7;;10.2283;10.2283;10.2283;11-Jun-2010
112007;ICICI Prudential Dynamic Bond Fund - Premium Plus Half Yearly Dividend;;INF109K01RX5;10.2150;10.2150;10.2150;11-Jun-2010
112003;ICICI Prudential Dynamic Bond Fund - Premium Plus Monthly Dividend;;INF109K01SB9;10.0342;10.0342;10.0342;11-Jun-2010
112004;ICICI Prudential Dynamic Bond Fund - Premium Plus Quarterly Dividend;;INF109K01RZ0;10.1250;10.1250;10.1250;11-Jun-2010
111998;ICICI Prudential Dynamic Bond Fund - Quarterly Dividend;INF109K01FF7;INF109K01CD9;10.1195;10.1195;10.1195;11-Jun-2010
106290;ICICI Prudential Interval Fund - Annual Interval Plan I - Retail Dividend;INF109K01KM3;;10.3556;10.3556;10.3556;11-Jun-2010
106292;ICICI Prudential Interval Fund - Annual Interval Plan I - Retail Growth;INF109K01KL5;;12.4940;12.4940;12.4940;11-Jun-2010
106762;ICICI Prudential Interval Fund - Annual Interval Plan II - Retail Dividend;INF109K01KQ4;;10.4278;10.4278;10.4278;11-Jun-2010
106763;ICICI Prudential Interval Fund - Annual Interval Plan II - Retail Growth;INF109K01KP6;;12.2987;12.2987;12.2987;11-Jun-2010
106761;ICICI Prudential Interval Fund Annual Interval Plan II - Growth;INF109K01KR2;;12.5599;12.5599;12.5599;11-Jun-2010
106778;ICICI Prudential Interval Fund - Annual Interval Plan III - Retail Dividend;INF109K01KU6;;10.3130;10.3130;10.3130;11-Jun-2010
106777;ICICI Prudential Interval Fund - Annual Interval Plan III - Retail Growth;INF109K01KT8;;12.2626;12.2626;12.2626;11-Jun-2010
106780;ICICI Prudential Interval Fund Annual Interval Plan III - Dividend;INF109K01KW2;;10.2674;10.2674;10.2674;11-Jun-2010
106832;ICICI Prudential Interval Fund - Annual Interval Plan IV - Retail Dividend;INF109K01KI1;;10.2610;10.2610;10.2610;11-Jun-2010
106833;ICICI Prudential Interval Fund - Annual Interval Plan IV - Retail Growth;INF109K01KH3;;12.2118;12.2118;12.2118;11-Jun-2010
106831;ICICI Prudential Interval Fund Annual Interval Plan IV - Growth;INF109K01KJ9;;11.4099;11.4099;11.4099;11-Jun-2010
106776;ICICI Prudential Interval Fund - Half Yearly Interval Plan I - Retail Dividend;;;10.0447;10.0447;10.0447;11-Jun-2010
106775;ICICI Prudential Interval Fund - Half Yearly Interval Plan I - Retail Growth;;;11.9326;11.9326;11.9326;11-Jun-2010
106852;ICICI Prudential Interval Fund - Half Yearly Interval Plan II - Retail Dividend;INF109K01LM1;;10.0337;10.0337;10.0337;11-Jun-2010
106853;ICICI Prudential Interval Fund - Half Yearly Interval Plan II - Retail Growth;INF109K01LL3;;11.7648;11.7648;11.7648;11-Jun-2010
105650;ICICI Prudential Interval Fund - Monthly Interval Plan I - Retail Dividend;INF109K01ON3;;10.0315;10.0315;10.0315;11-Jun-2010
105651;ICICI Prudential Interval Fund - Monthly Interval Plan I - Retail Growth;INF109K01OM5;;12.2395;12.2395;12.2395;11-Jun-2010
105711;ICICI Prudential Interval Fund - Quarterly Interval Plan I - Retail Dividend;INF109K01LU4;;10.0378;10.0378;10.0378;11-Jun-2010
105710;ICICI Prudential Interval Fund - Quarterly Interval Plan I - Retail Growth;INF109K01LT6;;12.4857;12.4857;12.4857;11-Jun-2010
111406;ICICI Prudential Interval Fund Quarterly Interval Plan 1 -Dividend;INF109K01LR0;INF109K01LQ2;10.0401;10.0401;10.0401;11-Jun-2010
105907;ICICI Prudential Interval Fund - Quarterly Interval Plan II - Retail Dividend;INF109K01MC0;;10.1460;10.1460;10.1460;11-Jun-2010
105908;ICICI Prudential Interval Fund - Quarterly Interval Plan II - Retail Growth;INF109K01MB2;;12.3223;12.3223;12.3223;11-Jun-2010
110204;ICICI Prudential Interval Fund II Quarterly Interval - Growth;INF109K01LX8;;11.0786;11.0786;11.0786;11-Jun-2010
106141;ICICI Prudential Interval Fund - Quarterly Interval Plan III - Retail Dividend;INF109K01MK3;;10.0520;10.0520;10.0520;11-Jun-2010
106142;ICICI Prudential Interval Fund - Quarterly Interval Plan III - Retail Growth;INF109K01MJ5;;11.9531;11.9531;11.9531;11-Jun-2010
106828;ICICI Prudential Interval Fund II - Quarterly Interval Plan A - Retail Dividend;INF109K01MO5;;10.0495;10.0495;10.0495;11-Jun-2010
106829;ICICI Prudential Interval Fund II - Quarterly Interval Plan A - Retail Growth;INF109K01MN7;;12.0760;12.0760;12.0760;11-Jun-2010
106885;ICICI Prudential Interval Fund II - Quarterly Interval Plan B - Retail Dividend;INF109K01MW8;;10.0456;10.0456;10.0456;11-Jun-2010
106886;ICICI Prudential Interval Fund II - Quarterly Interval Plan B - Retail Growth;INF109K01MV0;;11.8289;11.8289;11.8289;11-Jun-2010
106977;ICICI Prudential Interval Fund II - Quarterly Interval Plan C - Retail Dividend;INF109K01NI5;;10.0281;10.0281;10.0281;11-Jun-2010
106976;ICICI Prudential Interval Fund II - Quarterly Interval Plan C - Retail Growth;INF109K01NH7;;12.0853;12.0853;12.0853;11-Jun-2010
107138;ICICI Prudential Interval Fund II - Quarterly Interval Plan D - Retail Dividend;INF109K01NQ8;;10.0098;9.9598;10.0098;11-Jun-2010
107139;ICICI Prudential Interval Fund II - Quarterly Interval Plan D - Retail Growth;INF109K01NP0;;12.7212;12.6576;12.7212;11-Jun-2010
107309;ICICI Prudential Interval Fund II - Quarterly Interval Plan F - Retail Dividend;INF109K01NU0;;10.1276;10.1276;10.1276;11-Jun-2010
107310;ICICI Prudential Interval Fund II - Quarterly Interval Plan F - Retail Growth;INF109K01NT2;;11.6992;11.6992;11.6992;11-Jun-2010
110384;ICICI Prudential Interval Fund II Quarterly Interval Plan F - Dividend;INF109K01NZ9;INF109K01NY2;10.0644;10.0644;10.0644;11-Jun-2010
110383;ICICI Prudential Interval Fund II Quarterly Interval Plan F - Growth;INF109K01NX4;;10.1096;10.1096;10.1096;11-Jun-2010
110345;ICICI Prudential Interval Fund IV - Quarterly Interval Plan B - Retail Dividend;INF109K01OG7;;10.1083;10.1083;10.1083;11-Jun-2010
110348;ICICI Prudential Interval Fund IV - Quarterly Interval Plan B - Retail Growth;INF109K01OF9;;11.1737;11.1737;11.1737;11-Jun-2010
110346;ICICI Prudential Interval Fund IV Quarterly Interval Plan B - Growth;INF109K01OB8;;10.1197;10.1197;10.1197;11-Jun-2010
110347;ICICI Prudential Interval Fund IV Quarterly Interval Plan B -Dividend;INF109K01OD4;INF109K01OE2;10.1197;10.1197;10.1197;11-Jun-2010
110048;ICICI Prudential Interval Fund V - Monthly Interval Plan A - Retail Dividend;INF109K01OU8;;10.0066;10.0066;10.0066;11-Jun-2010
110047;ICICI Prudential Interval Fund V - Monthly Interval Plan A - Retail Growth;INF109K01OS2;;11.0290;11.0290;11.0290;11-Jun-2010
110046;ICICI Prudential Interval Fund V Monthly Interval Plan A - Dividend;INF109K01OR4;INF109K01OQ6;10.0069;10.0069;10.0069;11-Jun-2010
110045;ICICI Prudential Interval Fund V Monthly Interval Plan A - Growth;INF109K01OP8;;10.0069;10.0069;10.0069;11-Jun-2010
100955;ICICI Prudential MIP - Dividend Half Yearly;INF109K01FG5;INF109K01548;12.3622;12.3004;12.3622;11-Jun-2010
100953;ICICI Prudential MIP - Dividend Monthly;INF109K01FH3;INF109K01522;11.5144;11.4568;11.5144;11-Jun-2010
100954;ICICI Prudential MIP - Dividend Quarterly;INF109K01FI1;INF109K01530;12.1830;12.1221;12.1830;11-Jun-2010
100952;ICICI Prudential MIP - Growth;INF109K01555;;24.4500;24.3278;24.4500;11-Jun-2010

ING Mutual Fund
100180;ING Income Fund- Regular Plan - Dividend Option (Annual);INF084M01762;INF084M01770;10.5664;10.5664;10.5664;11-Jun-2010
100182;ING Income Fund-Institutional Plan - Dividend Option (Half Yearly);INF084M01812;INF084M01820;10.0000;10.0000;10.0000;11-Jun-2010
100183;ING Income Fund-Institutional Plan - Dividend Option (Quarterly);INF084M01796;INF084M01804;11.0659;11.0659;11.0659;11-Jun-2010
100187;ING Income Fund-Institutional Plan - Growth Option;INF084M01788;;10.3937;10.3937;10.3937;11-Jun-2010
100184;ING Income Fund-Institutional Plan -Dividend Option (Annual);INF084M01838;INF084M01846;10.0000;10.0000;10.0000;11-Jun-2010
100179;ING Income Fund-Regular Plan -Dividend Option (Half Yearly);INF084M01747;INF084M01754;10.5922;10.5922;10.5922;11-Jun-2010
100178;ING Income Fund-Regular Plan -Dividend Option (Quarterly);INF084M01721;INF084M01739;11.4860;11.4860;11.4860;11-Jun-2010
100181;ING Income Fund-Regular Plan -Growth Option;INF084M01713;;24.8541;24.8541;24.8541;11-Jun-2010
102236;ING MIP Fund-Annual Dividend Option;INF084M01994;INF084M01AA0;10.4037;10.4037;10.4037;11-Jun-2010
102232;ING MIP Fund-Growth Option;INF084M01929;;14.1150;14.1150;14.1150;11-Jun-2010
102235;ING MIP Fund-Half Yearly Dividend Option;INF084M01978;INF084M01986;10.6102;10.6102;10.6102;11-Jun-2010
102233;ING MIP Fund-Monthly Dividend Option;INF084M01937;INF084M01945;10.3154;10.3154;10.3154;11-Jun-2010
102234;ING MIP Fund-Quarterly Dividend Option;INF084M01952;INF084M01960;11.1633;11.1633;11.1633;11-Jun-2010
101550;ING Short Term Income Fund -Dividend Option;INF084M01697;INF084M01705;12.0964;12.0964;12.0964;11-Jun-2010
101288;ING Short Term Income Fund-Growth Option;INF084M01689;;17.4231;17.4231;17.4231;11-Jun-2010
105212;ING Treasury Advantage Fund - Institutional Daily Dividend Option;INF084M01622;;10.0033;10.0033;10.0033;11-Jun-2010
105207;ING Treasury Advantage Fund - Institutional Growth Option;INF084M01614;;12.4333;12.4333;12.4333;11-Jun-2010
105209;ING Treasury Advantage Fund - Institutional Monthly Dividend Option;INF084M01648;INF084M01655;10.0000;10.0000;10.0000;11-Jun-2010
105213;ING Treasury Advantage Fund - Institutional Quarterly Dividend Option;INF084M01663;INF084M01671;10.0000;10.0000;10.0000;11-Jun-2010
105208;ING Treasury Advantage Fund - Institutional Weekly Dividend Option;INF084M01630;;10.0000;10.0000;10.0000;11-Jun-2010
105203;ING Treasury Advantage Fund - Regular Daily Dividend Option;INF084M01556;;10.0026;10.0026;10.0026;11-Jun-2010
105210;ING Treasury Advantage Fund - Regular Growth Option;INF084M01549;;12.4301;12.4301;12.4301;11-Jun-2010
105204;ING Treasury Advantage Fund - Regular Monthly Dividend Option;INF084M01572;INF084M01580;10.4099;10.4099;10.4099;11-Jun-2010
105205;ING Treasury Advantage Fund - Regular Quarterly Dividend Option;INF084M01598;INF084M01606;10.4045;10.4045;10.4045;11-Jun-2010
105211;ING Treasury Advantage Fund - Regular Weekly Dividend Option;INF084M01564;;10.0408;10.0408;10.0408;11-Jun-2010

Invesco Mutual Fund
112886;Religare Invesco Monthly Income Plan - Growth Option;INF205K01TU3;;10.0649;9.9643;10.0649;11-Jun-2010
112884;Religare Invesco Monthly Income Plan - Monthly Dividend;INF205K01TV1;INF205K01TW9;10.0649;9.9643;10.0649;11-Jun-2010

JM Financial Mutual Fund
102026;JM MIP FUND-Annual Dividend;INF192K01AI8;INF192K01AJ6;11.8776;11.8776;11.8776;11-Jun-2010
102027;JM MIP FUND-Growth;INF192K01AK4;;14.7852;14.7852;14.7852;11-Jun-2010
102024;JM MIP FUND-Monthly Dividend;INF192K01AE7;INF192K01AF4;10.1453;10.1453;10.1453;11-Jun-2010
102025;JM MIP FUND-Quarterly Dividend;INF192K01AG2;INF192K01AH0;11.1405;11.1405;11.1405;11-Jun-2010

JPMorgan Mutual Fund
109184;JPMorgan India Active Bond Fund - Retail Plan - Dividend Option;INF843K01351;INF843K01369;10.0460;9.9958;10.0460;11-Jun-2010
109175;JPMorgan India Active Bond Fund - Retail Plan - Growth Option;INF843K01344;;10.6728;10.6194;10.6728;11-Jun-2010
112787;JPMorgan India Short Term Income Fund - Regular Plan - Fortnightly Dividend Option;;INF843K01401;10.0312;10.0162;10.0312;11-Jun-2010
112784;JPMorgan India Short Term Income Fund - Regular Plan - Growth Option;INF843K01419;;10.1158;10.1006;10.1158;11-Jun-2010
112789;JPMorgan India Short Term Income Fund - Regular Plan - Monthly Dividend Option;INF843K01435;INF843K01427;10.0194;10.0044;10.0194;11-Jun-2010
112785;JPMorgan India Short Term Income Fund - Regular Plan - Weekly Dividend Option;;INF843K01443;10.0078;9.9928;10.0078;11-Jun-2010
106563;JPMorgan India Treasury Fund - Retail Plan - Daily Dividend Option;;INF843K01302;10.0321;10.0321;10.0321;11-Jun-2010
106564;JPMorgan India Treasury Fund - Retail Plan - Growth Option;INF843K01294;;11.0953;11.0953;11.0953;11-Jun-2010
109182;JPMorgan India Treasury Fund - Retail Plan - Monthly Dividend Option;;INF843K01336;10.0556;10.0556;10.0556;11-Jun-2010
109180;JPMorgan India Treasury Fund - Retail Plan - Weekly Dividend Option;;INF843K01310;10.0497;10.0497;10.0497;11-Jun-2010
110157;JPMorgan India Treasury Fund - Super Institutional Plan - Daily Dividend Option;;INF843K01252;10.0089;10.0089;10.0089;11-Jun-2010
110156;JPMorgan India Treasury Fund - Super Institutional Plan - Growth Option;INF843K01245;;12.1180;12.1180;12.1180;11-Jun-2010
110155;JPMorgan India Treasury Fund - Super Institutional Plan - Monthly Dividend Option;INF843K01534;INF843K01286;10.0300;10.0300;10.0300;11-Jun-2010
110158;JPMorgan India Treasury Fund - Super Institutional Plan - Weekly Dividend Option;INF843K01518;INF843K01260;10.0683;10.0683;10.0683;11-Jun-2010

Kotak Mahindra Mutual Fund
112883;Kotak Credit Opportunities Fund - Annual Dividend;;;10.0821;9.8805;10.0821;11-Jun-2010
112880;Kotak Credit Opportunities Fund - Growth;;;10.0821;9.8805;10.0821;11-Jun-2010
112879;Kotak Credit Opportunities Fund - Monthly Dividend;;;10.0822;9.8806;10.0822;11-Jun-2010
112882;Kotak Credit Opportunities Fund - Quarterly Dividend;;;10.0821;9.8805;10.0821;11-Jun-2010
112881;Kotak Credit Opportunities Fund - Weekly Dividend;;;10.0821;9.8805;10.0821;11-Jun-2010
102867;Kotak Flexi-Debt - Regular Plan - Dividend;;INF174K01EW9;10.3511;10.3511;10.3511;11-Jun-2010
102868;Kotak Flexi-Debt - Regular Plan - Growth;INF174K01EV1;;14.4591;14.4591;14.4591;11-Jun-2010
102869;Kotak Flexi-Debt- Regular Plan - Daily Dividend;INF174K01EZ2;INF174K01EY5;10.0767;10.0767;10.0767;11-Jun-2010
108372;Kotak Flexi Debt - Regular Plan- Weekly Dividend;;INF174K01EX7;10.0393;10.0393;10.0393;11-Jun-2010
101954;Kotak Income Plus-(Growth);;;14.949;14.949;14.949;11-Jun-2010
101953;Kotak Income Plus-(Monthly Dividend);;;10.1969;10.1969;10.1969;11-Jun-2010
101955;Kotak Income Plus-(Quaterly Dividend);;;10.5941;10.5941;10.5941;11-Jun-2010
106662;Kotak Quarterly Interval Plan Series 1 - Dividend;INF174K01BJ2;INF174K01BK0;10.0587;9.9581;10.0587;11-Jun-2010
106661;Kotak Quarterly Interval Plan Series 1 - Growth;INF174K01BI4;;12.1824;12.0606;12.1824;11-Jun-2010
110673;Kotak Quarterly Interval Plan Series 10 - Dividend;INF174K01CL6;;10.0732;9.9725;10.0732;11-Jun-2010
110674;Kotak Quarterly Interval Plan Series 10 - Growth;INF174K01CJ0;;10.894;10.7851;10.894;11-Jun-2010
106734;Kotak Quarterly Interval Plan Series 2 - Dividend;INF174K01BM6;INF174K01BN4;10.124;10.0228;10.124;11-Jun-2010
106735;Kotak Quarterly Interval Plan Series 2 - Growth;INF174K01BL8;;12.1594;12.0378;12.1594;11-Jun-2010
107092;Kotak Quarterly Interval Plan Series 3 - Dividend;INF174K01BP9;INF174K01BQ7;10.0269;9.9266;10.0269;11-Jun-2010
107093;Kotak Quarterly Interval Plan Series 3 - Growth;INF174K01BO2;;11.9538;11.8343;11.9538;11-Jun-2010
107211;Kotak Quarterly Interval Plan Series 4 - Dividend;INF174K01BS3;INF174K01BT1;10.0103;9.9102;10.0103;11-Jun-2010
107212;Kotak Quarterly Interval Plan Series 4 - Growth;INF174K01BR5;;11.9068;11.7877;11.9068;11-Jun-2010
107486;Kotak Quarterly Interval Plan Series 5-Dividend;INF174K01BV7;INF174K01BW5;10.0508;9.9503;10.0508;11-Jun-2010
107485;Kotak Quarterly Interval Plan Series 5-Growth;INF174K01BU9;;11.659;11.5424;11.659;11-Jun-2010
107631;Kotak Quarterly Interval Plan Series 6 - Dividend;INF174K01BY1;INF174K01BZ8;10.0395;9.9391;10.0395;11-Jun-2010
107632;Kotak Quarterly Interval Plan Series 6 - Growth;INF174K01BX3;;11.9119;11.7928;11.9119;11-Jun-2010
109982;Kotak Quarterly Interval Plan Series 7 - Dividend;INF174K01CB7;INF174K01CC5;10.0237;9.9235;10.0237;11-Jun-2010
109981;Kotak Quarterly Interval Plan Series 7 - Growth;INF174K01CA9;;11.1523;11.0408;11.1523;11-Jun-2010
110258;Kotak Quarterly Interval Plan Series 8 - Dividend;INF174K01CE1;INF174K01CF8;10.0016;9.9016;10.0016;11-Jun-2010
110259;Kotak Quarterly Interval Plan Series 8 - Growth;INF174K01CD3;;11.0569;10.9463;11.0569;11-Jun-2010
110569;Kotak Quarterly Interval Plan Series 9 - Dividend;INF174K01CH4;INF174K01CI2;10.0793;9.9785;10.0793;11-Jun-2010
110570;Kotak Quarterly Interval Plan Series 9 - Growth;INF174K01CG6;;10.9855;10.8756;10.9855;11-Jun-2010

L&T Mutual Fund
112514;L&T Short Term Floating Rate Fund-Cumulative;;;13.4676;13.4676;13.4676;11-Jun-2010
112511;L&T Short Term Floating Rate Fund-Dividend-Daily;;;10.3650;10.3650;10.3650;11-Jun-2010
112513;L&T Short Term Floating Rate Fund-Dividend-Monthly;;;10.4199;10.4199;10.4199;11-Jun-2010
112512;L&T Short Term Floating Rate Fund-Dividend-Weekly;;;10.9842;10.9842;10.9842;11-Jun-2010

LIC Mutual Fund
102816;LIC NOMURA MF Floater MIP - Growth;INF767K01600;;17.4025;17.2285;17.4025;11-Jun-2010
102813;LIC NOMURA MF Floater MIP - Monthly Dividend;INF767K01618;INF767K01626;10.0962;9.9952;10.0962;11-Jun-2010
102814;LIC NOMURA MF Floater MIP - Quarterly Dividend;INF767K01634;INF767K01642;10.3021;10.1991;10.3021;11-Jun-2010
102815;LIC NOMURA MF Floater MIP - Yearly Dividend;INF767K01584;INF767K01592;10.3677;10.2640;10.3677;11-Jun-2010

Mirae Asset Mutual Fund
112057;Mirae Asset Short Term Bond Fund - Regular - Fortnightly Dividend Reinvestment Option;;INF769K01200;10.1696;10.1442;10.1696;11-Jun-2010
112017;Mirae Asset Short Term Bond Fund - Regular - Growth Option;INF769K01168;;10.1695;10.1441;10.1695;11-Jun-2010
112020;Mirae Asset Short Term Bond Fund - Regular - Mly Dividend Option;INF769K01226;;10.1687;10.1433;10.1687;11-Jun-2010
112058;Mirae Asset Short Term Bond Fund - Regular - Quarterly Dividend Reinvestment Option;;INF769K01218;10.1697;10.1443;10.1697;11-Jun-2010
112056;Mirae Asset Short Term Bond Fund - Regular - Weekly Dividend Reinvestment Option;;INF769K01184;10.1697;10.1443;10.1697;11-Jun-2010

Morgan Stanley Mutual Fund
111965;Morgan Stanley Active Bond Fund- Regular Growth Plan;INF063A01084;;10.0827;10.0827;10.0827;11-Jun-2010
111966;Morgan Stanley Active Bond Fund- Regular- Dividend- Quarterly;INF063A01092;INF063A01100;10.0827;10.0827;10.0827;11-Jun-2010
111952;Morgan Stanley Short Term Bond Fund- Institutional Plus- Dividend- Weekly;;INF063A01183;10.0538;10.0538;10.0538;11-Jun-2010
111953;Morgan Stanley Short Term Bond Fund- Institutional Plus- Growth;INF063A01175;;10.5625;10.5625;10.5625;11-Jun-2010
111949;Morgan Stanley Short Term Bond Fund- Regular- Dividend Monthly;INF063A01159;INF063A01167;10.0445;10.0445;10.0445;11-Jun-2010
112973;Morgan Stanley Short Term Bond Fund- Regular- Dividend- Weekly;;INF063A01217;10.0012;10.0012;10.0012;11-Jun-2010
111950;Morgan Stanley Short Term Bond Fund- Regular- Growth;INF063A01142;;10.5237;10.5237;10.5237;11-Jun-2010

PineBridge Mutual Fund
107718;PineBridge India Short Term Fund- Standard Plan-Growth Option;INF178L01202;;1121.7650;1118.9606;1121.7650;11-Jun-2010
107720;PineBridge India Short Term Fund- Standard Plan-Monthly Dividend Option;INF178L01210;INF178L01228;1003.0449;1000.5373;1003.0449;11-Jun-2010
107722;PineBridge India Short Term Fund- Standard Plan-Weekly Dividend Option;;INF178L01236;1001.3512;998.8478;1001.3512;11-Jun-2010
107715;PineBridge India Short Term Fund-Retail Plan-Growth Option;INF178L01160;;1162.1361;1159.2308;1162.1361;11-Jun-2010
107721;PineBridge India Short Term Fund-Retail Plan-Monthly Dividend Option;INF178L01178;INF178L01186;1002.9048;1000.3975;1002.9048;11-Jun-2010
107717;PineBridge India Short Term Fund-Retail Plan-Weekly Dividend Option;;INF178L01194;1001.3183;998.8150;1001.3183;11-Jun-2010
106524;PineBridge India Total Return Bond Fund- Institutional Plan-Daily Dividend Option;;INF178L01913;10.0110;10.0110;10.0110;11-Jun-2010
106523;PineBridge India Total Return Bond Fund- Institutional Plan-Growth Option;INF178L01921;;12.0685;12.0685;12.0685;11-Jun-2010
106525;PineBridge India Total Return Bond Fund- Institutional Plan-Monthly Dividend Option;INF178L01947;INF178L01939;10.0324;10.0324;10.0324;11-Jun-2010
106535;PineBridge India Total Return Bond Fund- Institutional Plan-Weekly Dividend Option;;INF178L01970;10.0162;10.0162;10.0162;11-Jun-2010
106530;PineBridge India Total Return Bond Fund- Retail Plan- Monthly Dividend Option;INF178L01863;INF178L01855;10.0310;10.0310;10.0310;11-Jun-2010
106531;PineBridge India Total Return Bond Fund- Retail Plan- Quarterly Dividend Option;INF178L01889;INF178L01871;10.1018;10.1018;10.1018;11-Jun-2010
106522;PineBridge India Total Return Bond Fund- Retail Plan- Weekly Dividend Option;;INF178L01897;10.0159;10.0159;10.0159;11-Jun-2010
106534;PineBridge India Total Return Bond Fund- Retail Plan-Daily Dividend Option;;INF178L01830;10.0110;10.0110;10.0110;11-Jun-2010
106521;PineBridge India Total Return Bond Fund- Retail Plan-Growth Option;INF178L01848;;11.9593;11.9593;11.9593;11-Jun-2010
106527;PineBridge India Total Return Bond Fund- Standard Plan-Daily Dividend Option;;INF178L01BU8;10.0110;10.0110;10.0110;11-Jun-2010
106533;PineBridge India Total Return Bond Fund- Standard Plan-Growth Option;INF178L01BO1;;12.1019;12.1019;12.1019;11-Jun-2010
106538;PineBridge India Total Return Bond Fund- Standard Plan-Monthly Dividend Option;INF178L01BQ6;INF178L01BP8;10.0329;10.0329;10.0329;11-Jun-2010
106537;PineBridge India Total Return Bond Fund- Standard Plan-Weekly Dividend Option;;INF178L01BT0;10.0163;10.0163;10.0163;11-Jun-2010

Principal Mutual Fund
106891;Principal Bank CD Fund - Growth Option;INF173K01BE5;;11.9485;11.9186;11.9485;11-Jun-2010
106899;Principal Bank CD Fund -Div Option-daily;;;10.02;9.995;10.02;11-Jun-2010
106892;Principal Bank CD Fund -Div Option-monthly;INF173K01BF2;INF173K01BG0;10.5206;10.4943;10.5206;11-Jun-2010
106898;Principal Ultra Short Term Fund -Reg plan -Div Option-weekly;;;10.0213;9.9962;10.0213;11-Jun-2010

Sahara Mutual Fund
107234;Sahara Classic Fund- Dividend Option;INF515L01411;INF515L01429;12.8466;12.8466;12.8466;11-Jun-2010
107233;Sahara Classic Fund- Growth Option;INF515L01437;;12.8471;12.8471;12.8471;11-Jun-2010
101403;Sahara Income Fund-Dividend;INF515L01015;INF515L01023;14.6452;14.6452;14.6452;11-Jun-2010
101404;Sahara Income Fund-Growth;INF515L01031;;17.7830;17.7830;17.7830;11-Jun-2010
110261;SAHARA INTERVAL FUND QUARTERLY PLAN-SERIES 1 DIVIDEND;INF515L01502;INF515L01510;11.2751;11.2751;11.2751;11-Jun-2010
110260;SAHARA INTERVAL FUND QUARTERLY PLAN-SERIES 1 GROWTH;INF515L01528;;11.2751;11.2751;11.2751;11-Jun-2010
111781;SAHARA SHORT TERM BOND FUND- DIVIDEND REINVESTMENT;;INF515L01536;10.1674;10.1674;10.1674;11-Jun-2010
111782;SAHARA SHORT TERM BOND FUND-GROWTH;INF515L01544;;10.7056;10.7056;10.7056;11-Jun-2010

SBI Mutual Fund
102056;SBI Magnum Income Plus Fund - Savings Plan (D);INF200K01750;INF200K01768;10.5367;10.4313;10.5367;11-Jun-2010
102055;SBI Magnum Income Plus Fund - Savings Plan (G);INF200K01743;;10.8883;10.7794;10.8883;11-Jun-2010
102202;SBI MAGNUM NRI - SHORT TERM BOND PLAN-DIVIDEND;;;10.7602;10.7602;10.7602;11-Jun-2010
102201;SBI MAGNUM NRI - SHORT TERM BOND PLAN-GROWTH;;;11.0611;11.0611;11.0611;11-Jun-2010

Shinsei Mutual Fund
112191;Shinsei Treasury Advantage Fund - Daily Dividend;;;1000.1084;1000.1084;1000.1084;11-Jun-2010
112190;Shinsei Treasury Advantage Fund - Growth;;;1032.9700;1032.9700;1032.9700;11-Jun-2010
112193;Shinsei Treasury Advantage Fund - Monthly Dividend;;;1002.6197;1002.6197;1002.6197;11-Jun-2010
112192;Shinsei Treasury Advantage Fund - Weekly Dividend;;;1000.6714;1000.6714;1000.6714;11-Jun-2010

Sundaram Mutual Fund
106553;SUNDARAM FIXED INCOME INTERVAL FUND QTRLY PLAN A INST  DIVIDEND;INF903J01BV1;;10.0071;10.0071;0.0000;11-Jun-2010
106555;SUNDARAM FIXED INCOME INTERVAL FUND QTRLY PLAN A INST  GROWTH;INF903J01BU3;;0.0000;0.0000;0.0000;11-Jun-2010
106556;SUNDARAM FIXED INCOME INTERVAL FUND QTRLY PLAN A REGULAR DIVIDEND;INF903J01BT5;;10.0071;10.0071;0.0000;11-Jun-2010
106554;SUNDARAM FIXED INCOME INTERVAL FUND QTRLY PLAN A REGULAR GROWTH;INF903J01BS7;;11.8930;11.8930;0.0000;11-Jun-2010
106701;SUNDARAM FIXED INCOME INTERVAL FUND QTRLY PLAN B INST DIVIDEND;INF903J01BZ2;;0.0000;0.0000;0.0000;11-Jun-2010
106703;SUNDARAM FIXED INCOME INTERVAL FUND QTRLY PLAN B INST GROWTH;INF903J01BY5;;0.0000;0.0000;0.0000;11-Jun-2010
106700;SUNDARAM FIXED INCOME INTERVAL FUND QTRLY PLAN B REGULAR  DIVIDEND;INF903J01BX7;;10.0725;10.0725;0.0000;11-Jun-2010
106702;SUNDARAM FIXED INCOME INTERVAL FUND QTRLY PLAN B REGULAR  GROWTH;INF903J01BW9;;12.0600;12.0600;0.0000;11-Jun-2010

Tata Mutual Fund
106133;Tata Corporate Bond Fund Super High Investment Plan Daily Dividend;;INF277K01AF3;1010.3171;1010.3171;1010.3171;11-Jun-2010
107126;Tata Fixed Income Portfolio Fund - Scheme A2 - Regular Plan - Growth;INF277K01JK4;;11.5332;11.5044;11.5332;11-Jun-2010
107125;Tata Fixed Income Portfolio Fund - Scheme A2 - Regular Plan - Monthly Dividend;INF277K01JL2;INF277K01JM0;10.1366;10.1113;10.1366;11-Jun-2010
107129;Tata Fixed Income Portfolio Fund - Scheme A3 - Regular Plan - Growth;INF277K01JQ1;;11.1014;11.0736;11.1014;11-Jun-2010
107130;Tata Fixed Income Portfolio Fund - Scheme A3 - Regular Plan - Monthly Dividend;INF277K01JR9;INF277K01JS7;10.1980;10.1725;10.1980;11-Jun-2010
107146;Tata Fixed Income Portfolio Fund - Scheme B2 - Regular Plan - Growth;INF277K01JY5;;11.6514;11.5931;11.6514;11-Jun-2010
107145;Tata Fixed Income Portfolio Fund - Scheme B2 - Regular Plan - Monthly Dividend;INF277K01JZ2;INF277K01KA3;10.0747;10.0243;10.0747;11-Jun-2010
107144;Tata Fixed Income Portfolio Fund - Scheme B2 - Regular Plan - Quarterly Dividend;INF277K01KB1;INF277K01KC9;10.0335;9.9833;10.0335;11-Jun-2010
107150;Tata Fixed Income Portfolio Fund - Scheme B3 - Regular Plan - Growth;INF277K01KI6;;12.4994;12.4369;12.4994;11-Jun-2010
107151;Tata Fixed Income Portfolio Fund - Scheme B3 - Regular Plan - Monthly Dividend;INF277K01KJ4;INF277K01KK2;10.2271;10.1760;10.2271;11-Jun-2010
107152;Tata Fixed Income Portfolio Fund - Scheme B3 - Regular Plan - Quarterly Dividend;INF277K01KL0;INF277K01KM8;10.3326;10.2809;10.3326;11-Jun-2010
107162;Tata Fixed Income Portfolio Fund - Scheme C2 - Regular Plan - Growth;INF277K01KS5;;11.4312;11.3455;11.4312;11-Jun-2010
107164;Tata Fixed Income Portfolio Fund - Scheme C2 - Regular Plan - Half Yearly Dividend;INF277K01KT3;INF277K01KU1;10.0148;9.9397;10.0148;11-Jun-2010
107163;Tata Fixed Income Portfolio Fund - Scheme C2 - Regular Plan - Monthly Dividend;INF277K01KV9;INF277K01KW7;10.0382;9.9629;10.0382;11-Jun-2010
107168;Tata Fixed Income Portfolio Fund - Scheme C3 - Regular Plan - Growth;INF277K01LC7;;11.7969;11.7084;11.7969;11-Jun-2010
107170;Tata Fixed Income Portfolio Fund - Scheme C3 - Regular Plan - Half Yearly Dividend;INF277K01LD5;INF277K01LE3;10.1010;10.0252;10.1010;11-Jun-2010
107169;Tata Fixed Income Portfolio Fund - Scheme C3 - Regular Plan - Monthly Dividend;INF277K01LF0;INF277K01LG8;10.0738;9.9982;10.0738;11-Jun-2010
107121;Tata Fixed Income Portfolio Fund Scheme A1 Plan A - Growth;INF277K01JB3;;11.1758;11.1479;11.1758;11-Jun-2010
107122;Tata Fixed Income Portfolio Fund Scheme A1 Plan A - Monthly Dividend;INF277K01JC1;INF277K01JD9;10.1782;10.1528;10.1782;11-Jun-2010
107124;Tata Fixed Income Portfolio Fund Scheme A2 Plan A -  Monthly Dividend;INF277K01JI8;INF277K01JJ6;10.0141;9.9891;10.0141;11-Jun-2010
107123;Tata Fixed Income Portfolio Fund Scheme A2 Plan A - Growth;INF277K01JH0;;10.0131;9.9881;10.0131;11-Jun-2010
107127;Tata Fixed Income Portfolio Fund Scheme A3 Regular Plan  - Growth;INF277K01JN8;;10.0032;9.9782;10.0032;11-Jun-2010
107128;Tata Fixed Income Portfolio Fund Scheme A3 Regular Plan - Monthly Dividend;INF277K01JO6;INF277K01JP3;10.0032;9.9782;10.0032;11-Jun-2010
107147;Tata Fixed Income Portfolio Fund Scheme B3 Regular Plan - Growth;INF277K01KD7;;10.1315;10.0808;10.1315;11-Jun-2010
107148;Tata Fixed Income Portfolio Fund Scheme B3 Regular Plan - Monthly Dividend;INF277K01KG0;INF277K01KH8;10.0446;9.9944;10.0446;11-Jun-2010
107149;Tata Fixed Income Portfolio Fund Scheme B3 Regular Plan - Quarterly Dividend;INF277K01KE5;INF277K01KF2;10.1313;10.0806;10.1313;11-Jun-2010
107167;Tata Fixed Income Portfolio Fund Scheme C3 Regular Plan  - Half Yearly  Dividend;INF277K01KY3;INF277K01KZ0;10.0279;9.9527;10.0279;11-Jun-2010
107166;Tata Fixed Income Portfolio Fund Scheme C3 Regular Plan  - Monthly Dividend;INF277K01LA1;INF277K01LB9;10.0412;9.9659;10.0412;11-Jun-2010
102280;Tata M I P Plus Fund - Regular Plan-Monthly Dividend;INF277K01EC2;INF277K01873;11.3683;11.2546;11.3683;11-Jun-2010
102281;Tata M I P Plus Fund -Regular Plan- Quarterly Dividend;INF277K01ED0;INF277K01881;11.3696;11.2559;11.3696;11-Jun-2010
102282;Tata M I P Plus Fund -Regular Plan- Half Yearly Dividend;INF277K01EB4;INF277K01865;12.0436;11.9232;12.0436;11-Jun-2010
102283;Tata MIP Plus Fund -Regular Plan - Growth;INF277K01857;;15.4148;15.2607;15.4148;11-Jun-2010
106136;Tata Treasury Manager Fund Super High Investment Plan Growth;INF277K01AG1;;1057.2942;1057.2942;1057.2942;11-Jun-2010
106135;Tata Treasury Manager Fund Super High Investment Plan Monthly Dividend;INF277K01CX2;INF277K01AH9;1001.5352;1001.5352;1001.5352;11-Jun-2010
106134;Tata Treasury Manager Fund Super High Investment Plan Weekly Dividend;INF277K01CY0;INF277K01AI7;1000.4259;1000.4259;1000.4259;11-Jun-2010

UTI Mutual Fund
100648;UTI - CRTS 81 - Dividend Option;;;127.8469;127.8469;127.8469;11-Jun-2010
104588;UTI - CRTS 81 - Growth Option;;;165.9532;165.9532;165.9532;11-Jun-2010
101608;UTI - MIS-Growth;INF789F01AA8;;18.8954;18.8954;18.8954;11-Jun-2010
101607;UTI - MIS-Income;INF789F01984;INF789F01992;12.094;12.094;12.094;11-Jun-2010
112067;UTI Smart Woman Savings Plan - Dividend Option;;;19.6317;19.6317;19.6317;11-Jun-2010
112066;UTI Smart Woman Savings Plan - Growth Option;;;19.6318;19.6318;19.6318;11-Jun-2010

Open Ended Schemes ( Growth )


Aditya Birla Sun Life Mutual Fund
112274;Birla Sun Life Basic Industries Fund - Dividend Trigger Plan;;;10.56;10.45;10.56;11-Jun-2010
103171;Birla Sun Life Basic Industries Fund-Plan A(Dividend);;;29.36;29.07;29.36;11-Jun-2010
103172;Birla Sun Life Basic Industries Fund-Plan B(Growth);;;97.84;96.86;97.84;11-Jun-2010
103169;Aditya Birla Sun Life Buy India Fund - Dividend - Regular Plan;INF209K01116;INF209K01CC9;23.33;23.21;23.33;11-Jun-2010
103170;Aditya Birla Sun Life Buy India Fund - Growth - Regular Plan;INF209K01124;;38.43;38.24;38.43;11-Jun-2010
111352;Bsl Comm Eq Fund-Global Multi Comm Plan - Dividend;INF209K01215;INF209K01CH8;11.6602;11.3104;11.6602;11-Jun-2010
111353;Bsl Comm Eq Fund-Global Multi Comm Plan - Growth;INF209K01223;;11.6602;11.3104;11.6602;11-Jun-2010
111344;Bsl Comm Eq Fund-Global Prec Metals Plan - Dividend;INF209K01173;INF209K01CF2;12.8807;12.4943;12.8807;11-Jun-2010
111346;Bsl Comm Eq Fund-Global Prec Metals Plan - Growth;INF209K01181;;12.8807;12.4943;12.8807;11-Jun-2010
100065;Aditya Birla Sun Life India Opportunities Fund - Dividend - Regular Plan;INF209K01280;INF209K01CK2;18.50;18.41;18.50;11-Jun-2010
100066;Aditya Birla Sun Life India Opportunities Fund - Growth - Regular Plan;INF209K01298;;50.81;50.56;50.81;11-Jun-2010
104339;Aditya Birla Sun Life Long Term Fund- Growth Option;INF209K01SD3;;13.29;13.29;13.29;11-Jun-2010
104338;Aditya Birla Sun Life Long Term Fund-Dividend Option;INF209K01SE1;INF209K01SF8;12.28;12.28;12.28;11-Jun-2010
107505;Aditya Birla Sun Life Special Situations Fund - Dividend;INF209K01553;INF209K01CX5;9.4036;9.3096;9.4036;11-Jun-2010
107504;Aditya Birla Sun Life Special Situations Fund - Growth;INF209K01561;;9.4036;9.3096;9.4036;11-Jun-2010

Bandhan Mutual Fund
112068;IDFC Equity Fund -Plan B- Dividend;INF194K01243;INF194K01250;10.0288;10.0288;10.0288;11-Jun-2010
112069;IDFC Equity Fund -Plan B-Growth;INF194K01235;;11.9467;11.9467;11.9467;11-Jun-2010
111866;IDFC Imperial Equity Fund-Plan B - Dividend;INF194K01441;INF194K01458;14.4185;14.4185;14.4185;11-Jun-2010
111865;IDFC Imperial Equity Fund-Plan B - Growth;INF194K01433;;15.6213;15.6213;15.6213;11-Jun-2010
111757;IDFC  India GDP Growth Fund-Regular Plan-Dividend;INF194K01219;INF194K01227;12.7637;12.7637;12.7637;11-Jun-2010
111758;IDFC  India GDP Growth Fund-Regular Plan-Growth;INF194K01201;;14.7810;14.7810;14.7810;11-Jun-2010
111861;IDFC Premier Equity Fund-Plan B - Dividend;INF194K01375;INF194K01383;19.1069;19.1069;19.1069;11-Jun-2010
111862;IDFC Premier Equity Fund_Plan B - Growth;INF194K01425;;21.0318;21.0318;21.0318;11-Jun-2010
110463;IDFC  50-50 Strategic Sector Fund-Regular Plan-Dividend;INF194K01326;INF194K01334;13.1030;13.1030;13.1030;11-Jun-2010
110462;IDFC  50-50 Strategic Sector Fund-Regular Plan-Growth;INF194K01169;;13.2451;13.2451;13.2451;11-Jun-2010
111868;IDFC Strategic Sector (50-50) Equity Fund-Plan B - Dividend;INF194K01136;INF194K01144;14.5124;14.5124;14.5124;11-Jun-2010
111867;IDFC Strategic Sector (50-50) Equity Fund-Plan B - GROWTH;INF194K01151;;14.5087;14.5087;14.5087;11-Jun-2010

Benchmark Mutual Fund
103237;Benchmark Derivative Fund - Dividend Plan;;;1053.6583;1053.6583;1053.6583;11-Jun-2010
100676;Benchmark Derivative Fund - Growth Plan;;;1390.9187;1390.9187;1390.9187;11-Jun-2010
106837;Benchmark Equity & Derivatives Opportunities Fund - Dividend Plan;;;10.8591;10.7777;10.8591;11-Jun-2010
106836;Benchmark Equity & Derivatives Opportunities Fund - Growth;;;11.5449;11.4583;11.5449;11-Jun-2010
111674;Benchmark S&P CNX 500 Fund - Dividend;;;11.2954;11.1260;11.2954;11-Jun-2010
111673;Benchmark S&P CNX 500 Fund - Growth;;;18.0567;17.7858;18.0567;11-Jun-2010

Canara Robeco Mutual Fund
102806;Canara Robeco Nifty Index - Regular Plan - Dividend;INF760K01126;INF760K01134;17.9500;17.9500;17.9500;11-Jun-2010
102805;Canara Robeco Nifty Index - Regular Plan - Growth;INF760K01118;;27.0400;27.0400;27.0400;11-Jun-2010

Deutsche Mutual Fund
101628;DWS Alpha Equity Fund - Dividend;INF223J01218;INF223J01226;15.90;15.74;15.90;11-Jun-2010
101629;DWS Alpha Equity Fund - Growth;INF223J01234;;73.04;72.31;73.04;11-Jun-2010
111920;DWS Alpha Equity Fund Wealth Plan - Growth Option;INF223J01267;;15.21;15.06;15.21;11-Jun-2010
111919;DWS Alpha Equity Fund Wealth Plan -Dividend Option;INF223J01242;INF223J01259;12.72;12.59;12.72;11-Jun-2010
102195;DWS Equity Income Fund - Annual Dividend option;INF223J01EZ9;INF223J01FA9;11.5266;11.4113;11.5266;11-Jun-2010
102196;DWS Equity Income Fund - Growth Option;INF223J01FB7;;15.8714;15.7127;15.8714;11-Jun-2010
102193;DWS Equity Income Fund - Monthly Dividend option;INF223J01FC5;INF223J01FD3;10.6745;10.5678;10.6745;11-Jun-2010
102194;DWS Equity Income Fund - Quarterly  Dividend;INF223J01FE1;INF223J01FF8;10.6631;10.5565;10.6631;11-Jun-2010
102203;DWS Investment Opportunity Fund - Dividend Option;INF223J01275;INF223J01283;24.94;24.69;24.94;11-Jun-2010
102204;DWS Investment Opportunity Fund - Growth Option;INF223J01291;;36.00;35.64;36.00;11-Jun-2010
111918;DWS Investment Opportunity Fund Wealth Plan- Dividend Option;INF223J01309;INF223J01317;12.46;12.34;12.46;11-Jun-2010
111917;DWS Investment Opportunity Fund Wealth Plan- Growth Option;INF223J01325;;16.30;16.14;16.30;11-Jun-2010

DSP Mutual Fund
105876;DSP BlackRock Equity Fund - Institutional Plan - Growth;INF740K01FY0;;11.734;11.734;11.734;11-Jun-2010
105874;DSP India T.I.G.E.R. Fund - Institutional Plan - Growth;INF740K01GB6;;12.908;12.908;12.908;11-Jun-2010
105873;DSP India T.I.G.E.R. Fund - Institutional Plan - IDCW;INF740K01GD2;INF740K01GC4;9.219;9.219;9.219;11-Jun-2010
107354;DSP BlackRock Technology.com   Fund - Regular Plan - Dividend;INF740K01193;INF740K01201;23.077;22.846;23.077;11-Jun-2010
100090;DSP BlackRock Technology.com   Fund - Regular Plan - Growth;INF740K01219;;31.596;31.280;31.596;11-Jun-2010
105871;DSP Top 100 Equity Fund - Institutional  Plan - Dividend;INF740K01GG5;INF740K01GF7;12.502;12.502;12.502;11-Jun-2010
105872;DSP Top 100 Equity Fund - Institutional  Plan - Growth;INF740K01GE0;;12.502;12.502;12.502;11-Jun-2010
105869;DSP Equity Opportunities Fund - Institutional Plan - Growth;INF740K01GH3;;9.598;9.598;9.598;11-Jun-2010
105870;DSP Equity Opportunities Fund - Institutional Plan - IDCW;INF740K01GJ9;INF740K01GI1;9.598;9.598;9.598;11-Jun-2010

Edelweiss Mutual Fund
112402;Edelweiss Equity Savings Advantage Fund - Dividend Option;INF754K01483;INF754K01509;10.0201;9.9199;10.0201;11-Jun-2010
112387;Edelweiss Equity Savings Advantage Fund - Growth Option;INF754K01475;;10.2069;10.1048;10.2069;11-Jun-2010

Fidelity Mutual Fund
102962;Fidelity Equity Fund-Dividend Option;;;20.278;20.075;20.278;11-Jun-2010
102961;Fidelity Equity Fund-Growth Option;;;32.044;31.724;32.044;11-Jun-2010
106570;Fidelity India Growth Fund - Dividend Option;;;11.066;10.955;11.066;11-Jun-2010
106569;Fidelity India Growth Fund - Growth Option;;;11.066;10.955;11.066;11-Jun-2010
103768;Fidelity India Special Situations Fund-Dividend Option;;;15.386;15.232;15.386;11-Jun-2010
103767;Fidelity India Special Situations Fund-Growth Option;;;16.968;16.798;16.968;11-Jun-2010
112289;Fidelity India Value Fund-Dividend Option;;;10.415;10.311;10.415;11-Jun-2010
112288;Fidelity India Value Fund-Growth Option;;;10.415;10.311;10.415;11-Jun-2010
105803;Fidelity International Opportunities Fund - Dividend Option;;;12.165;12.043;12.165;11-Jun-2010
105802;Fidelity International Opportunities Fund - Growth Option;;;12.165;12.043;12.165;11-Jun-2010

Fortis Mutual Fund
110826;Fortis  Equity Fund-Dividend Plan;;;10.37;10.37;10.37;11-Jun-2010
110825;Fortis  Equity Fund-Growth Plan;;;30.67;30.67;30.67;11-Jun-2010
110741;Fortis China-India Fund-Regular Plan-Dividend Option;;;8.2875;8.2875;8.2875;11-Jun-2010
110742;Fortis China-India Fund-Regular Plan-Growth Option;;;8.2897;8.2897;8.2897;11-Jun-2010
110749;Fortis Dividend Yield Fund-Dividend Option;;;11.238;11.238;11.238;11-Jun-2010
110748;Fortis Dividend Yield Fund-Growth Option;;;16.163;16.163;16.163;11-Jun-2010
110848;Fortis Future  Leaders Fund-Dividend Option;;;8.914;8.914;8.914;11-Jun-2010
110847;Fortis Future  Leaders Fund-Growth Option;;;8.951;8.951;8.951;11-Jun-2010
110778;Fortis Opportunities Fund-Dividend;;;9.193;9.193;9.193;11-Jun-2010
110777;Fortis Opportunities Fund-Growth;;;17.667;17.667;17.667;11-Jun-2010
110955;Fortis Sustainable Development Fund - Dividend Option;;;10.7847;10.7847;10.7847;11-Jun-2010
110956;Fortis Sustainable Development Fund - Growth Option;;;11.8407;11.8407;11.8407;11-Jun-2010

Franklin Templeton Mutual Fund
102270;Franklin FMCG Fund - Dividend;;;36.1676;35.8059;36.1676;11-Jun-2010
100523;Franklin FMCG Fund - Growth;;;57.6245;57.0483;57.6245;11-Jun-2010
105066;Franklin India Index Fund - BSE Plan - Dividend Plan;INF090I01908;INF090I01916;48.0006;47.5206;48.0006;11-Jun-2010
102320;Franklin India Index Fund - BSE Plan - Growth Plan;INF090I01924;;48.0006;47.5206;48.0006;11-Jun-2010
102271;Franklin Pharma Fund - Dividend;;;30.3655;30.0618;30.3655;11-Jun-2010
100902;Franklin Pharma Fund - Growth;;;57.3805;56.8067;57.3805;11-Jun-2010

HDFC Mutual Fund
103468;HDFC Focused Large-Cap Fund-Dividend;INF179K01K57;INF179K01K65;11.998;0;0;11-Jun-2010
103469;HDFC Focused Large-Cap Fund-Growth;INF179K01K73;;14.503;0;0;11-Jun-2010
101282;HDFC Index Fund-Sensex Plus( FV-Rs32.161);INF179K01LB7;;206.413;206.413;206.413;11-Jun-2010

HSBC Mutual Fund
105227;HSBC Dividend Yield Equity Fund - Dividend;INF336L01BC0;INF336L01BB2;10.0873;9.9864;10.0873;11-Jun-2010
105228;HSBC Dividend Yield Equity Fund - Growth;INF336L01BD8;;10.0873;9.9864;10.0873;11-Jun-2010

ICICI Prudential Mutual Fund
103028;ICICI Prudential Blended Plan A -  Dividend;INF109K01DZ0;INF109K01AO0;10.6011;10.5481;10.6011;11-Jun-2010
103027;ICICI Prudential Blended Plan A - Growth;INF109K01AP7;;14.0758;14.0054;14.0758;11-Jun-2010
105099;ICICI Prudential Equity Opportunities Fund - Institutional Growth Plan;;;12.43;12.43;12.43;11-Jun-2010
105098;ICICI Prudential Equity Opportunities Fund - Retail Dividend Plan;;;11.26;11.26;11.26;11-Jun-2010
105096;ICICI Prudential Equity Opportunities Fund - Retail Growth Plan;;;12.08;12.08;12.08;11-Jun-2010
103659;ICICI Prudential Fusion Fund - Institutional Option - I - Growth;;;14.45;14.45;N.A.;11-Jun-2010
103661;ICICI Prudential Fusion Fund-Dividend Plan;;;12.95;12.95;N.A.;11-Jun-2010
103660;ICICI Prudential Fusion Fund-Growth Plan;;;13.73;13.73;N.A.;11-Jun-2010
107377;ICICI Prudential Fusion Fund Series-III - Institutional Dividend Plan;;;12.19;12.19;N.A.;11-Jun-2010
107374;ICICI Prudential Fusion Fund Series-III - Institutional Growth Plan;;;12.19;12.19;N.A.;11-Jun-2010
107375;ICICI Prudential Fusion Fund Series-III - Retail Dividend Plan;;;11.91;11.91;N.A.;11-Jun-2010
107376;ICICI Prudential Fusion Fund Series-III - Retail Growth Plan;;;11.91;11.91;N.A.;11-Jun-2010

ING Mutual Fund
104273;ING C.U.B (Competitive Upcoming Businesses) Fund-Bonus Option;INF084M01374;;16.4900;16.4900;16.4900;11-Jun-2010
104274;ING C.U.B (Competitive Upcoming Businesses) Fund-Dividend Option;INF084M01358;INF084M01366;12.0400;12.0400;12.0400;11-Jun-2010
104275;ING C.U.B (Competitive Upcoming Businesses) Fund-Growth Option;INF084M01341;;16.4900;16.4900;16.4900;11-Jun-2010
103649;ING Contra Fund -Growth Option;INF084M01382;;15.5200;15.5200;15.5200;11-Jun-2010
103651;ING Contra Fund-Bonus Option;INF084M01416;;15.5200;15.5200;15.5200;11-Jun-2010
103650;ING Contra Fund-Dividend Option;INF084M01390;INF084M01408;13.2400;13.2400;13.2400;11-Jun-2010
100188;ING Core Equity Fund-Dividend Option;INF084M01192;INF084M01200;18.3900;18.3900;18.3900;11-Jun-2010
100189;ING Core Equity Fund-Growth Option;INF084M01184;;34.7500;34.7500;34.7500;11-Jun-2010
103162;ING Dividend Yield Fund-Dividend Option;INF084M01226;INF084M01234;19.3300;19.3300;19.3300;11-Jun-2010
103161;ING Dividend Yield Fund-Growth Option;INF084M01218;;21.2800;21.2800;21.2800;11-Jun-2010
102717;ING Domestic Opportunities Fund-Dividend Option;INF084M01168;INF084M01176;13.0800;13.0800;13.0800;11-Jun-2010
102716;ING Domestic Opportunities Fund-Growth Option;INF084M01150;;34.6500;34.6500;34.6500;11-Jun-2010
102243;ING Large Cap Equity Fund-Dividend Option;INF084M01283;INF084M01291;17.2800;17.2800;17.2800;11-Jun-2010
102242;ING Large Cap Equity Fund-Growth Option;INF084M01275;;25.9200;25.9200;25.9200;11-Jun-2010
102932;ING Midcap Fund-Dividend Option;INF084M01259;INF084M01267;15.8600;15.8600;15.8600;11-Jun-2010
102931;ING Midcap Fund-Growth Option;INF084M01242;;19.9600;19.9600;19.9600;11-Jun-2010
105619;ING Multi Manager Equity Fund - Option A- Dividend(Payout and Reinvestment);INF084M01AX2;INF084M01AY0;10.3400;10.3400;10.3400;11-Jun-2010
105620;ING Multi Manager Equity Fund - Option A- Growth;INF084M01AW4;;10.3400;10.3400;10.3400;11-Jun-2010
106387;ING OptiMix Multi Manager Equity Fund-Option B-Growth;;;10.5600;10.5600;10.5600;11-Jun-2010

Invesco Mutual Fund
106868;Religare Invesco AGILE Fund - Dividend Option;INF205K01114;INF205K01106;5.80;5.74;5.80;11-Jun-2010
106867;Religare Invesco AGILE Fund - Growth Option;INF205K01098;;5.79;5.73;5.79;11-Jun-2010

JM Financial Mutual Fund
106946;JM AGRI & INFRA FUND - Dividend option;;;2.8182;0.0000;0.0000;11-Jun-2010
106947;JM AGRI & INFRA FUND - Growth option;;;2.8181;0.0000;0.0000;11-Jun-2010
106148;JM Contra Fund - Dividend option;;;5.5168;5.5168;5.5168;11-Jun-2010
106147;JM Contra Fund - Growth option;;;5.5168;5.5168;5.5168;11-Jun-2010
103109;JM Emerging Leaders Fund-Dividend;;;7.9451;7.9451;7.9451;11-Jun-2010
103108;JM Emerging Leaders Fund-Growth;;;7.9279;7.9279;7.9279;11-Jun-2010
104412;JM Financial Services Sector Fund - Dividend Plan;;;9.2826;9.2826;9.2826;11-Jun-2010
104411;JM Financial Services Sector Fund - Growth Plan;;;9.2826;9.2826;9.2826;11-Jun-2010
103752;JM HIFI Fund-Dividend;;;5.3483;5.3483;5.3483;11-Jun-2010
103751;JM HIFI Fund-Growth;;;5.3482;5.3482;5.3482;11-Jun-2010
102480;JM Large Cap Fund-Dividend;;;13.1818;13.1818;13.1818;11-Jun-2010
102481;JM Large Cap Fund-Growth;;;17.9257;17.9257;17.9257;11-Jun-2010
102478;JM Mid Cap Fund-Dividend;;;17.5039;17.5039;17.5039;11-Jun-2010
102479;JM Mid Cap Fund-Growth;;;25.5490;25.5490;25.5490;11-Jun-2010
111720;JM Nifty Plus Fund - Dividend Option;;;14.8564;14.8564;14.8564;11-Jun-2010
111721;JM Nifty Plus Fund - Growth Option;;;16.3167;16.3167;16.3167;11-Jun-2010
105039;JM Small & Mid-cap Fund - Regular Plan - Dividend option;;;5.7880;5.7880;5.7880;11-Jun-2010
105038;JM Small & Mid-cap Fund - Regular Plan - Growth option;;;5.7880;5.7880;5.7880;11-Jun-2010
104414;JM Telecom Sector Fund - Dividend Plan;;;7.3938;7.3938;7.3938;11-Jun-2010
104413;JM Telecom Sector Fund - Growth Plan;;;7.3938;7.3938;7.3938;11-Jun-2010

JPMorgan Mutual Fund
110159;JPMorgan India Alpha Fund-Dividend;;;10.264;10.161;10.264;11-Jun-2010
110160;JPMorgan India Alpha Fund-Growth;;;11.171;11.059;11.171;11-Jun-2010
105583;JPMorgan India Equity Fund - Regular Plan - Dividend Option;INF843K01054;INF843K01062;11.119;11.008;11.119;11-Jun-2010
105582;JPMorgan India Equity Fund - Regular Plan - Growth Option;INF843K01047;;11.975;11.855;11.975;11-Jun-2010
107302;JPMorgan India Mid and Small Cap Fund - Regular Plan - Dividend Option;INF843K01021;INF843K01039;7.231;7.159;7.231;11-Jun-2010
107301;JPMorgan India Mid and Small Cap Fund - Regular Plan - Growth Option;INF843K01013;;7.231;7.159;7.231;11-Jun-2010

Kotak Mahindra Mutual Fund
101733;Kotak 30-(Dividend);;;30.02;29.72;30.02;11-Jun-2010
101734;Kotak 30-(Growth);;;95.181;94.229;95.181;11-Jun-2010
107393;Kotak Indo World Infrastructure Fund  - Dividend;;;7;7;7;11-Jun-2010
107394;Kotak Indo World Infrastructure Fund  - Growth;;;7;7;7;11-Jun-2010
103473;KOTAK LIFESTYLE FUND---Dividend;;;10.6;10.494;10.6;11-Jun-2010
103474;KOTAK LIFESTYLE FUND---Growth;;;12.239;12.117;12.239;11-Jun-2010

L&T Mutual Fund
112548;L&T Contra Fund-Cumulative Option;INF917K01BU1;;9.70;9.70;9.70;11-Jun-2010
112547;L&T Contra Fund-Dividend Option;INF917K01BS5;INF917K01BT3;9.70;9.70;9.70;11-Jun-2010
112505;L&T Global Advantage Fund.-Cumulative Option;;;9.86;9.86;9.86;11-Jun-2010
112504;L&T Global Advantage Fund.-Dividend Option;;;6.84;6.84;6.84;11-Jun-2010
112459;L&T Growth Fund- Dividend payout;INF917K01148;INF917K01155;16.49;16.49;16.49;11-Jun-2010
112460;L&T Growth Fund-Cumulative;INF917K01163;;34.90;34.90;34.90;11-Jun-2010
112587;L&T Hedged Equity Fund - Cumulative;INF917K01221;;12.68;12.68;12.68;11-Jun-2010
112586;L&T Hedged Equity Fund - Dividend;INF917K01205;INF917K01213;9.00;9.00;9.00;11-Jun-2010
112502;L&T Multi-Cap Fund-Cumulative Option;;;17.55;17.55;17.55;11-Jun-2010
112501;L&T Multi-Cap Fund-Dividend Option;;;13.99;13.99;13.99;11-Jun-2010
112434;L&T Opportunities Fund- Dividend payout;INF917K01171;INF917K01189;18.22;18.22;18.22;11-Jun-2010
112435;L&T Opportunities Fund-Cumulative;INF917K01197;;41.59;41.59;41.59;11-Jun-2010
112606;L&T Small Cap Fund -Dividend Option;;;5.63;0.00;0.00;11-Jun-2010
112607;L&T Small Cap Fund-Cumulative Option;;;5.63;0.00;0.00;11-Jun-2010

LIC Mutual Fund
104672;LIC NOMURA MF INDIA VISION FUND - DIVIDEND OPTION;INF767K01659;INF767K01667;8.3994;8.3154;8.3994;11-Jun-2010
104671;LIC NOMURA MF INDIA VISION FUND - GROWTH OPTION;INF767K01675;;8.3994;8.3154;8.3994;11-Jun-2010
102900;LIC NOMURA MF Opportunities Fund-Dividend;INF767K01212;INF767K01204;9.7538;9.6563;9.7538;11-Jun-2010
102901;LIC NOMURA MF Opportunities Fund-Growth;INF767K01220;;17.1366;16.9652;17.1366;11-Jun-2010
106692;LIC NOMURA MF SYSTEMATIC ASSET ALLOCATION FUND - DIVIDEND OPTION;INF767K01741;INF767K01758;9.9967;0.0000;0.0000;11-Jun-2010
106693;LIC NOMURA MF SYSTEMATIC ASSET ALLOCATION FUND - GROWTH OPTION;INF767K01766;;9.9967;0.0000;0.0000;11-Jun-2010
107337;LIC NOMURA MF TOP 100 FUND - DIVIDEND OPTION;INF767K01774;INF767K01782;7.8663;0.0000;0.0000;11-Jun-2010
107338;LIC NOMURA MF TOP 100 FUND - GROWTH OPTION;INF767K01790;;7.8663;0.0000;0.0000;11-Jun-2010

Mirae Asset Mutual Fund
109137;Mirae Asset Global Commodity Stocks - Dividend Option;INF769K01069;INF769K01051;10.7100;10.6030;10.7100;11-Jun-2010
109138;Mirae Asset Global Commodity Stocks - Growth Option;INF769K01044;;10.7100;10.6030;10.7100;11-Jun-2010

Morgan Stanley Mutual Fund
108196;Morgan Stanley A.C.E. Fund- Regular Dividend Plan;INF063A01068;INF063A01076;13.689;13.552;13.689;11-Jun-2010
108197;Morgan Stanley A.C.E. Fund- Regular Growth Plan;INF063A01050;;13.689;13.552;13.689;11-Jun-2010
111679;Morgan Stanley Growth Fund- Regular Dividend Plan;INF063A01035;INF063A01043;18.905;18.716;18.905;11-Jun-2010
100347;Morgan Stanley Growth Fund- Regular Growth Plan;INF063A01027;;58.017;57.437;58.017;11-Jun-2010

Nippon India Mutual Fund
103749;Reliance Focused Large Cap Fund-Dividend Plan;INF204K01653;INF204K01661;14.5131;14.3680;14.5131;11-Jun-2010
103748;Reliance Focused Large Cap Fund-Growth Plan-Bonus Option;INF204K01679;;14.5131;14.3680;14.5131;11-Jun-2010
103747;Reliance Focused Large Cap Fund-Growth Plan-Growth Option;INF204K01687;;14.5131;14.3680;14.5131;11-Jun-2010
111944;Reliance Infrastructure Fund -Bonus Option;INF204K01AJ9;;10.9423;10.8329;10.9423;11-Jun-2010
111945;Reliance Infrastructure Fund -Dividend Option;INF204K01AK7;INF204K01AL5;10.9423;10.8329;10.9423;11-Jun-2010
111943;Reliance Infrastructure Fund -Growth Option;INF204K01AM3;;10.9423;10.8329;10.9423;11-Jun-2010
111948;Reliance Infrastructure Fund- Institutional Plan-Dividend Option;INF204K01AG5;INF204K01AH3;10.9558;10.8462;10.9558;11-Jun-2010
111946;Reliance Infrastructure Fund- Institutional Plan-Growth Option;INF204K01AI1;;10.9558;10.8462;10.9558;11-Jun-2010
107637;Reliance Natural Resources Fund-Dividend Plan-Dividend Option;INF204K01810;INF204K01828;9.1985;9.1065;9.1985;11-Jun-2010
107635;Reliance Natural Resources Fund-Growth Plan-Bonus Option;INF204K01836;;9.1985;9.1065;9.1985;11-Jun-2010
107636;Reliance Natural Resources Fund-Growth Plan-Growth Option;INF204K01844;;9.1985;9.1065;9.1985;11-Jun-2010

PineBridge Mutual Fund
105601;PineBridge India Equity Fund- Institutional Plan- Dividend Option;INF178L01046;INF178L01053;12.162;12.101;12.162;11-Jun-2010
105600;PineBridge India Equity Fund- Standard Plan- Dividend Option;INF178L01012;INF178L01020;11.924;11.805;11.924;11-Jun-2010
105598;PineBridge India Equity Fund- Standard Plan- Growth Option;INF178L01038;;11.924;11.805;11.924;11-Jun-2010
107407;PineBridge Infrastructure & Economic Reform Fund - Institutional Plan-Dividend;INF178L01103;INF178L01111;9.143;9.097;9.143;11-Jun-2010
107406;PineBridge Infrastructure & Economic Reform Fund - Institutional Plan-Growth;INF178L01129;;9.143;9.097;9.143;11-Jun-2010
107408;PineBridge Infrastructure & Economic Reform Fund - Standard Plan-Dividend;INF178L01079;INF178L01087;9.008;8.918;9.008;11-Jun-2010
107405;PineBridge Infrastructure & Economic Reform Fund - Standard Plan-Growth;INF178L01095;;9.008;8.918;9.008;11-Jun-2010

Principal Mutual Fund
105316;Principal Pnb Long Term Equity Fund - Dividend Option;;;10.85;10.8;10.85;11-Jun-2010
105317;Principal Pnb Long Term Equity Fund - Growth Option;;;10.85;10.8;10.85;11-Jun-2010
102427;Principal Resurgent India Equity Fund-Dividend;;;12.16;12.04;12.16;11-Jun-2010
102426;Principal Resurgent India Equity Fund-Growth;;;85.56;84.7;85.56;11-Jun-2010
100151;Principal Retail Equity Savings Fund - Growth Option;INF173K01CP9;;83.55;82.71;83.55;11-Jun-2010
103453;Principal Services Industries Fund-DIVIDEND;INF173K01999;INF173K01AA5;12.22;12.1;12.22;11-Jun-2010
103454;Principal Services Industries Fund-GROWTH;INF173K01981;;13.78;13.64;13.78;11-Jun-2010

Sahara Mutual Fund
109493;SAHARA BANKING & FINANCIAL SERVICES FUND- GROWTH OPTION;INF515L01494;;27.0742;26.8035;27.0742;11-Jun-2010
109494;SAHARA BANKING & FINANCIAL SERVICES FUND-DIVIDEND OPTION;INF515L01478;INF515L01486;17.1292;16.9579;17.1292;11-Jun-2010
101529;Sahara Growth Fund-Dividend;INF515L01155;INF515L01163;28.5284;28.2431;28.5284;11-Jun-2010
101528;Sahara Growth Fund-Growth;INF515L01171;;76.0912;75.3303;76.0912;11-Jun-2010
103730;Sahara Infrastructure Fund ---FIXED PRICING OPTION-Dividend Option;INF515L01320;INF515L01338;12.0027;11.8827;12.0027;11-Jun-2010
103731;Sahara Infrastructure Fund ---FIXED PRICING OPTION-Growth Option;INF515L01346;;16.4157;16.2515;16.4157;11-Jun-2010
103732;Sahara Infrastructure Fund ---VARIABLE PRICING OPTION-Dividend Option;INF515L01353;INF515L01361;12.4251;12.3008;12.4251;11-Jun-2010
103733;Sahara Infrastructure Fund ---VARIABLE PRICING OPTION-Growth Option;INF515L01379;;16.9103;16.7412;16.9103;11-Jun-2010
100798;Sahara Midcap Fund-Auto Payout;INF515L01247;;28.4812;28.1964;28.4812;11-Jun-2010
100799;Sahara Midcap Fund-Bonus;INF515L01254;;28.4812;28.1964;28.4812;11-Jun-2010
100797;Sahara Midcap Fund-Dividend Plan;INF515L01213;INF515L01221;15.2415;15.0891;15.2415;11-Jun-2010
100796;Sahara Midcap Fund-Growth Plan;INF515L01239;;28.4812;28.1964;28.4812;11-Jun-2010
108320;Sahara Power & Natural Resources Fund - Dividend Option;INF515L01445;INF515L01452;12.5649;12.4393;12.5649;11-Jun-2010
108321;Sahara Power & Natural resources Fund- Growth Option;INF515L01460;;12.5646;12.4390;12.5646;11-Jun-2010
112104;Sahara Star Value Fund-Dividend Option;INF515L01585;INF515L01593;11.4680;11.3533;11.4680;11-Jun-2010
112105;Sahara Star Value Fund-Growth Option;INF515L01601;;11.4718;11.3571;11.4718;11-Jun-2010
112036;Sahara Super 20 Fund - Dividend Option;INF515L01551;INF515L01569;10.8980;10.7890;10.8980;11-Jun-2010
112037;Sahara Super 20 Fund - Growth Option;INF515L01577;;10.8986;10.7896;10.8986;11-Jun-2010
103119;Sahara Wealth Plus Fund-Fixed Pricing Option-Dividend Option;INF515L01262;INF515L01270;19.0326;18.8423;19.0326;11-Jun-2010
103120;Sahara Wealth Plus Fund-Fixed Pricing Option-Growth Option;INF515L01288;;19.0327;18.8424;19.0327;11-Jun-2010
103121;Sahara Wealth Plus Fund-Variable Pricing Option-Dividend Option;INF515L01296;INF515L01304;19.6741;19.4774;19.6741;11-Jun-2010
103122;Sahara Wealth Plus Fund-Variable Pricing Option-Growth Option;INF515L01312;;19.6742;19.4775;19.6742;11-Jun-2010

SBI Mutual Fund
102208;SBI MAGNUM NRI FLEXIASSET PLAN-DIVIDEND;INF200K01511;INF200K01529;27.2269;26.9546;27.2269;11-Jun-2010
102207;SBI MAGNUM NRI FLEXIASSET PLAN-GROWTH;INF200K01503;;27.1254;26.8541;27.1254;11-Jun-2010
104763;SBI ONE INDIA FUND - DIVIDEND (PREVIOUSLY CLOSE ENDED UPTO 14/01/2010);INF200K01CX4;INF200K01CY2;10.64;10.53;10.64;11-Jun-2010
104762;SBI ONE INDIA FUND - GROWTH (PREVIOUSLY CLOSE ENDED UPTO 14/01/2010);INF200K01CW6;;10.64;10.53;10.64;11-Jun-2010

Shinsei Mutual Fund
112112;Shinsei Industry Leaders Fund - Dividend;;;10.37;10.27;10.37;11-Jun-2010
112107;Shinsei Industry Leaders Fund - Growth;;;10.37;10.27;10.37;11-Jun-2010

Sundaram Mutual Fund
103210;Sundaram CAPEX Opportunities Fund-Dividend;INF903J01249;INF903J01256;12.7082;12.7082;12.7082;11-Jun-2010
103211;Sundaram CAPEX Opportunities Fund-Growth;INF903J01231;;24.1275;24.1275;24.1275;11-Jun-2010
107350;Sundaram Energy Opportunities Fund Dividend;INF903J01DX3;INF903J01DY1;8.0500;8.0500;0.0000;11-Jun-2010
107351;Sundaram Energy Opportunities Fund Growth;INF903J01DW5;;8.0500;8.0500;0.0000;11-Jun-2010
109132;Sundaram Entertainment Opportunities Fund - Inst  Dividend;INF903J01694;INF903J01702;0.0000;0.0000;0.0000;11-Jun-2010
109130;Sundaram Entertainment Opportunities Fund - Inst  Growth;INF903J01710;;0.0000;0.0000;0.0000;11-Jun-2010
109131;Sundaram Entertainment Opportunities Fund - Regular Dividend;INF903J01660;INF903J01678;11.7006;11.7006;11.9639;11-Jun-2010
109129;Sundaram Entertainment Opportunities Fund - Regular Growth;INF903J01686;;14.8221;14.8221;15.1556;11-Jun-2010
100612;Sundaram Growth Fund-Dividend;INF903J01330;INF903J01348;11.2711;11.2711;11.2711;11-Jun-2010
100613;Sundaram Growth Fund-Growth;INF903J01355;;84.3949;84.3949;84.3949;11-Jun-2010
102483;Sundaram India Leadership Fund-Dividend;INF903J01397;INF903J01405;11.6618;11.6618;11.6618;11-Jun-2010
102482;Sundaram India Leadership Fund-Growth;INF903J01413;;38.0279;38.0279;38.0279;11-Jun-2010
111921;Sundaram India Leadership Fund-Inst Growth;INF903J01447;;0.0000;0.0000;0.0000;11-Jun-2010

Tata Mutual Fund
104123;Tata Capital Builder Fund - Div;INF277K01DC4;INF277K01311;13.5825;13.4467;13.5825;11-Jun-2010
104124;Tata Capital Builder Fund - Growth;INF277K01329;;14.5476;14.4021;14.5476;11-Jun-2010
103337;Tata Contra Fund Plan A -  Dividend;INF277K01DA8;INF277K01AM9;14.8096;14.6615;14.8096;11-Jun-2010
103336;Tata Contra Fund Plan A -  Growth;INF277K01AN7;;15.7201;15.5629;15.7201;11-Jun-2010
103760;Tata Equity Management Fund Plan A- Div;INF277K01DG5;INF277K01394;12.9171;12.7879;12.9171;11-Jun-2010
103761;Tata Equity Management Fund Plan A - Growth;INF277K01402;;13.9203;13.7811;13.9203;11-Jun-2010
107624;Tata Growing Economies Infrastructure Fund Scheme A Plan A - Dividend;INF277K01DQ4;INF277K01584;10.5461;10.4406;10.5461;11-Jun-2010
107623;Tata Growing Economies Infrastructure Fund Scheme A  Plan A - Growth;INF277K01592;;10.5480;10.4425;10.5480;11-Jun-2010
107626;Tata Growing Economies Infrastructure Fund Scheme B Plan A - Dividend;INF277K01DR2;INF277K01600;11.3742;11.2605;11.3742;11-Jun-2010
107625;Tata Growing Economies Infrastructure Fund Scheme B Plan A - Growth;INF277K01618;;11.3752;11.2614;11.3752;11-Jun-2010
101747;Tata Index Fund - Sensex B;INF277K01766;;13.4739;12.9349;13.4739;11-Jun-2010
101871;Tata Life Science & Technology Fund - Dividend Option;INF277K01DZ5;INF277K01816;34.8127;34.4646;34.8127;11-Jun-2010
101000;Tata Life Sciences & Technology Fund - Growth;INF277K01824;;65.3814;64.7276;65.3814;11-Jun-2010
103072;Tata Mid Cap Fund Plan A- Dividend;INF277K01EA6;INF277K01832;16.0459;15.8854;16.0459;11-Jun-2010
103071;Tata Mid Cap Fund Plan A- Growth;INF277K01840;;17.0491;16.8786;17.0491;11-Jun-2010
102930;Tata Service Industries Fund - Appreciation;INF277K01AL1;;23.5581;23.3225;23.5581;11-Jun-2010
102929;Tata Service Industries Fund - Dividend;INF277K01CZ7;INF277K01AK3;18.9052;18.7161;18.9052;11-Jun-2010

UTI Mutual Fund
100749;UTI - Master Index Fund-Growth Option;INF789F01JK8;;52.7541;52.7541;52.7541;11-Jun-2010
100748;UTI - Master Index Fund-Income Option;INF789F01JI2;INF789F01JJ0;52.7541;52.7541;52.7541;11-Jun-2010
100656;UTI - Master Plus Unit Scheme-Growth Option;INF789F01943;;74.65;74.65;74.65;11-Jun-2010
100657;UTI - Master Plus Unit Scheme-Income Option;INF189A01061;INF789F01935;53.82;53.82;53.82;11-Jun-2010
100751;UTI - Master Value Fund-Growth Option;INF789F01AD2;;46.95;46.95;46.95;11-Jun-2010
100750;UTI - Master Value Fund-Income Option;INF789F01AB6;INF789F01AC4;23.77;23.77;23.77;11-Jun-2010
103455;UTI Bluechip Flexicap Fund - Regular Plan - Dividend Option;INF789F01760;INF789F01778;13.26;13.26;13.26;11-Jun-2010
103457;UTI Bluechip Flexicap Fund - Regular Plan - Growth option;INF789F01786;;14.3;14.3;14.3;11-Jun-2010
103534;UTI Contra Fund-Growth-Growth Option;INF789F01430;;13.25;13.25;13.25;11-Jun-2010
103532;UTI Contra Fund-Income-Dividend Option;INF789F01414;INF789F01422;12.23;12.23;12.23;11-Jun-2010

Open Ended Schemes ( Balanced )


Aditya Birla Sun Life Mutual Fund
100035;Birla Sun Life Freedom Fund-Plan A (Dividend);;;17.55;17.37;17.55;11-Jun-2010
100036;Birla Sun Life Freedom Fund-Plan B (Growth);;;31.70;31.38;31.70;11-Jun-2010

HDFC Mutual Fund
100121;HDFC Balanced Fund - Dividend Option;INF179K01376;INF179K01384;19.357;19.163;19.357;11-Jun-2010
100122;HDFC Balanced Fund - Growth Option;INF179K01392;;49.185;48.693;49.185;11-Jun-2010
101978;HDFC Prudence Fund - Dividend Option;INF179K01AT2;INF179K01AU0;29.3;29.007;29.3;11-Jun-2010
101977;HDFC Prudence Fund - Growth Option;INF179K01AV8;;190.75;188.843;190.75;11-Jun-2010

ING Mutual Fund
100202;ING Balanced Fund-Dividend Option;INF084M01AC6;INF084M01AD4;16.6600;16.6600;16.6600;11-Jun-2010
100203;ING Balanced Fund-Growth Option;INF084M01AB8;;23.8200;23.8200;23.8200;11-Jun-2010

UTI Mutual Fund
101662;UTI - Variable Investment Scheme-Growth Option;;;15.7522;15.7522;15.7522;11-Jun-2010
101661;UTI - Variable Investment Scheme-Income Option;;;11.8419;11.8419;11.8419;11-Jun-2010

Open Ended Schemes ( Liquid )


Bandhan Mutual Fund
108794;IDFC Liquid Fund - Daily Dividend;INF194K01GJ9;INF194K01GI1;1000.2100;1000.2100;1000.2100;11-Jun-2010
108793;IDFC Liquid Fund - Growth;INF194K01GE0;;1308.0585;1308.0585;1308.0585;11-Jun-2010
108796;IDFC Liquid Fund - Monthly Dividend;INF194K01GG5;INF194K01GF7;1005.2418;1005.2418;1005.2418;11-Jun-2010
108795;IDFC Liquid Fund-Weekly Dividend;INF194K01GM3;INF194K01GL5;1001.1827;1001.1827;1001.1827;11-Jun-2010
111928;IDFC Liquid Fund  Plan D- Growth;INF194K01GR2;;10.4972;10.4972;10.4972;11-Jun-2010
111927;IDFC Liquid Fund Plan - D  - Daily Dividend;INF194K01GT8;INF194K01GS0;10.0000;10.0000;10.0000;11-Jun-2010
112891;IDFC Liquid Fund- Plan F Dividend;INF194K01HD0;INF194K01HC2;10.0771;10.0771;10.0771;11-Jun-2010
112890;IDFC Liquid Fund- Plan F Growth;INF194K01HB4;;10.0739;10.0739;10.0739;11-Jun-2010

Deutsche Mutual Fund
105672;DWS INSTA CASH PLUS FUND - Regular Plan BONUS OPTION;INF223J01BH3;;11.5515;11.5515;11.5515;11-Jun-2010
106472;DWS Insta Cash Plus Fund - Weekly Dividend;INF223J01BT8;INF223J01BU6;10.0564;10.0564;10.0564;11-Jun-2010
106471;DWS Insta Cash Plus Fund -Growth;INF223J01BP6;;12.0571;12.0571;12.0571;11-Jun-2010
106467;DWS Insta Cash Plus Fund-Daily Dividend;;INF223J01BO9;10.0304;10.0304;10.0304;11-Jun-2010
101718;DWS Insta Cash Plus Fund-DIVIDEND-Daily Dividend;;INF223J01BI1;10.3010;10.3010;10.3010;11-Jun-2010
101717;DWS Insta Cash Plus Fund-DIVIDEND-MONTHLY DIVIDEND;INF223J01BK7;INF223J01BL5;11.0590;11.0590;11.0590;11-Jun-2010
101716;DWS Insta Cash Plus Fund-DIVIDEND-WEEKLY DIVIDEND;INF223J01BM3;INF223J01BN1;10.3627;10.3627;10.3627;11-Jun-2010
101719;DWS Insta Cash Plus Fund-Growth-GROWTH;INF223J01BJ9;;15.5534;15.5534;15.5534;11-Jun-2010
101722;DWS Insta Cash Plus Fund-Institutional Plan-Daily Dividend;;INF223J01BA8;10.0516;10.0516;10.0516;11-Jun-2010
101721;DWS Insta Cash Plus Fund-Institutional Plan-Growth;INF223J01BB6;;14.6209;14.6209;14.6209;11-Jun-2010
101723;DWS Insta Cash Plus Fund-Institutional Plan-Weekly Dividend;INF223J01BF7;INF223J01BG5;10.0884;10.0884;10.0884;11-Jun-2010
112228;DWS Treasury Fund - Cash Plan - Daily Dividend;;INF223J01SB0;10.0391;10.0391;10.0893;11-Jun-2010
112221;DWS Treasury Fund - Cash Plan - Growth;INF223J01SC8;;10.3063;10.3063;10.3578;11-Jun-2010
112227;DWS Treasury Fund - Cash Plan - Institiutional - Daily Dividend;;INF223J01DZ1;10.0497;10.0497;10.0999;11-Jun-2010
112222;DWS Treasury Fund - Cash Plan - Institiutional - Growth;INF223J01EA2;;10.3208;10.3208;10.3724;11-Jun-2010
112226;DWS Treasury Fund - Investment Plan - Daily Dividend;;INF223J01EX4;10.2220;10.1198;10.2220;11-Jun-2010
112223;DWS Treasury Fund - Investment Plan - Growth;INF223J01EY2;;10.4266;10.3223;10.4266;11-Jun-2010
112225;DWS Treasury Fund - Investment Plan - Institiutional - Daily Dividend;;INF223J01EO3;10.0417;9.9413;10.0417;11-Jun-2010
112224;DWS Treasury Fund - Investment Plan - Institiutional - Growth;INF223J01EP0;;10.4437;10.3393;10.4437;11-Jun-2010
112968;DWS Treasury Fund - Investment Plan - Monthly Dividend;INF223J01ES4;INF223J01ET2;10.0130;10.0130;10.0130;11-Jun-2010
112967;DWS Treasury Fund - Investment Plan - Weekly Dividend;INF223J01EU0;INF223J01EV8;10.0090;10.0090;10.0090;11-Jun-2010

Edelweiss Mutual Fund
109934;Edelweiss Liquid Fund - Retail Plan - Daily Dividend Option;;INF754K01AS4;10.0000;10.0000;10.0000;11-Jun-2010
109940;Edelweiss Liquid Fund - Retail Plan - Growth Option;INF754K01AO3;;10.8597;10.8597;10.8597;11-Jun-2010
109939;Edelweiss Liquid Fund - Retail Plan - Monthly Dividend Option;INF754K01AP0;INF754K01AR6;10.0124;10.0124;10.0124;11-Jun-2010
109937;Edelweiss Liquid Fund - Retail Plan - Weekly Dividend Option;;INF754K01AT2;10.0026;10.0026;10.0026;11-Jun-2010

Fidelity Mutual Fund
104498;Fidelity Cash Fund - Institutional Plan - Daily Dividend Option;;INF677K01AQ1;10.0025;10.0025;10.0025;11-Jun-2010
104497;Fidelity Cash Fund - Institutional Plan - Growth Option;;;12.6014;12.6014;12.6014;11-Jun-2010
104548;Fidelity Cash Fund - Institutional Plan - Monthly Dividend Option;INF677K01AS7;INF677K01AT5;10.0000;10.0000;10.0000;11-Jun-2010
104546;Fidelity Cash Fund - Institutional Plan - Weekly Dividend Option;;INF677K01AR9;10.1788;10.1788;10.1788;11-Jun-2010
104495;Fidelity Cash Fund - Retail Plan - Daily Dividend option;;INF677K01AL2;10.0025;10.0025;10.0025;11-Jun-2010
104493;Fidelity Cash Fund - Retail Plan - Growth option;;;12.4259;12.4259;12.4259;11-Jun-2010
104547;Fidelity Cash Fund - Retail Plan - Monthly Dividend Option;;;10.0219;10.0219;10.0219;11-Jun-2010
104549;Fidelity Cash Fund - Retail Plan - Weekly Dividend Option;;INF677K01AM0;10.0059;10.0059;10.0059;11-Jun-2010
104494;Fidelity Cash Fund - Super Institutional Plan - Daily Dividend Option;;INF677K01AV1;10.1978;10.1978;10.1978;11-Jun-2010
104496;Fidelity Cash Fund - Super Institutional Plan - Growth Option;INF677K01AU3;;12.6572;12.6572;12.6572;11-Jun-2010
104551;Fidelity Cash Fund - Super Institutional Plan - Monthly Dividend Option;INF677K01AX7;INF677K01AY5;10.0000;10.0000;10.0000;11-Jun-2010
104550;Fidelity Cash Fund - Super Institutional Plan - Weekly Dividend Option;;INF677K01AW9;10.0000;10.0000;10.0000;11-Jun-2010

Fortis Mutual Fund
110922;Fortis Overnight Fund-Institutional Plan-Daily Dividend Option;;;10.0030;10.0030;10.0030;11-Jun-2010
110915;Fortis Overnight Fund-Institutional Plan-Growth Option;;;14.2216;14.2216;14.2216;11-Jun-2010
110919;Fortis Overnight Fund-Institutional Plan-Monthly Dividend Payout Option;;;10.0145;10.0145;10.0145;11-Jun-2010
110923;Fortis Overnight Fund-Institutional Plan-Weekly Dividend Option;;;10.0013;10.0013;10.0013;11-Jun-2010
110914;Fortis Overnight Fund-Institutional Plus Plan-Daily Dividend Option;;;10.0030;10.0030;10.0030;11-Jun-2010
110920;Fortis Overnight Fund-Institutional Plus Plan-Growth Option;;;10.1408;10.1408;10.1408;11-Jun-2010
110916;Fortis Overnight Fund-Institutional Plus Plan-Monthly Dividend Option;;;10.0145;10.0145;10.0145;11-Jun-2010
110917;Fortis Overnight Fund-Institutional Plus Plan-Weekly Dividend Option;;;10.0013;10.0013;10.0013;11-Jun-2010
110921;Fortis Overnight Fund-Regular Plan-Growth Option;;;13.9330;13.9330;13.9330;11-Jun-2010
110913;Fortis Overnight Fund-Regular Plan-Monthly Dividend Payout Option;;;10.0129;10.0129;10.0129;11-Jun-2010
110918;Fortis Overnight Fund-Regular Plan-Weekly Dividend Option;;;10.0011;10.0011;10.0011;11-Jun-2010

ING Mutual Fund
100198;ING Liquid Fund-Institutional Daily Dividend Option;INF084M01473;;10.0121;10.0121;10.0121;11-Jun-2010
100196;ING Liquid Fund-Institutional Growth Option;INF084M01465;;14.5669;14.5669;14.5669;11-Jun-2010
100197;ING Liquid Fund-Institutional Weekly Dividend Option;INF084M01499;INF084M01481;10.0594;10.0594;10.0594;11-Jun-2010
100192;ING Liquid Fund-Regular Daily Dividend Option;INF084M01432;;10.7873;10.7873;10.7873;11-Jun-2010
100190;ING Liquid Fund-Regular Growth Option;INF084M01424;;19.4324;19.4324;19.4324;11-Jun-2010
100191;ING Liquid Fund-Regular Weekly Dividend Option;INF084M01457;INF084M01440;10.8299;10.8299;10.8299;11-Jun-2010
100200;ING Liquid Fund-Super Institutional Daily Dividend Option;INF084M01515;;10.0048;10.0048;10.0048;11-Jun-2010
100199;ING Liquid Fund-Super Institutional Growth Option;INF084M01507;;13.8544;13.8544;13.8544;11-Jun-2010
100201;ING Liquid Fund-Super Institutional Weekly Dividend Option;INF084M01531;INF084M01523;10.0000;10.0000;10.0000;11-Jun-2010

Invesco Mutual Fund
106502;Religare Invesco Overnight Fund - Daily Dividend Reinvestment;;INF205K01HS2;10.0000;10.0000;10.0000;11-Jun-2010
106501;Religare Invesco Overnight Fund - Growth;INF205K01HR4;;11.2185;11.2185;11.2185;11-Jun-2010

JM Financial Mutual Fund
101420;JM Floater Short Term Fund - Daily Dividend Option;;INF192K01767;10.0883;10.0883;10.0883;11-Jun-2010
101421;JM Floater Short Term Fund - Growth Option;INF192K01775;;14.9576;14.9576;14.9576;11-Jun-2010

JPMorgan Mutual Fund
106562;JPMorgan India Liquid Fund - Retail Plan - Daily Dividend Option;;INF843K01203;10.0150;10.0150;10.0150;11-Jun-2010
106561;JPMorgan India Liquid Fund - Retail Plan - Growth Option;INF843K01195;;11.0496;11.0496;11.0496;11-Jun-2010
109179;JPMorgan India Liquid Fund - Retail Plan - Monthly Dividend Option;;INF843K01237;10.0419;10.0419;10.0419;11-Jun-2010
109177;JPMorgan India Liquid Fund - Retail Plan - Weekly Dividend Option;;INF843K01211;10.0196;10.0196;10.0196;11-Jun-2010
110149;JPMorgan India Liquid Fund - Super Institutional Plan - Daily Dividend Option;;INF843K01153;10.0079;10.0079;10.0079;11-Jun-2010
110150;JPMorgan India Liquid Fund - Super Institutional Plan - Growth Option;INF843K01146;;12.0180;12.0180;12.0180;11-Jun-2010
110151;JPMorgan India Liquid Fund - Super Institutional Plan - Monthly Dividend Option;INF843K01500;INF843K01187;10.0605;10.0605;10.0605;11-Jun-2010
110153;JPMorgan India Liquid Fund - Super Institutional Plan - Weekly Dividend Option;INF843K01484;INF843K01161;10.0097;10.0097;10.0097;11-Jun-2010

L&T Mutual Fund
112468;L&T Liquid Fund - Regular Weekly Dividend;;INF917K01BE5;11.9902;11.9902;11.9902;11-Jun-2010

Mirae Asset Mutual Fund
107660;Mirae Asset Liquid Fund- Regular Plan - Bonus;INF769K01580;;1007.8533;1007.8533;1007.8533;11-Jun-2010
107646;Mirae Asset Liquid Fund- Regular Plan - Daily Dividend;;INF769K01606;951.0540;951.0540;951.0540;11-Jun-2010
107648;Mirae Asset Liquid Fund- Regular Plan - Growth;INF769K01572;;998.9404;998.9404;998.9404;11-Jun-2010
107649;Mirae Asset Liquid Fund- Regular Plan - Monthly Dividend;INF769K01630;INF769K01622;954.5518;954.5518;954.5518;11-Jun-2010
107647;Mirae Asset Liquid Fund- Regular Plan - Weekly Dividend;;INF769K01614;952.4117;952.4117;952.4117;11-Jun-2010

PineBridge Mutual Fund
106513;PineBridge India Liquid Fund- Standard Plan-Daily Dividend Option;;INF178L01699;1001.0000;1001.0000;1001.0000;11-Jun-2010
106508;PineBridge India Liquid Fund- Standard Plan-Growth Option;INF178L01715;;1195.3872;1195.3872;1195.3872;11-Jun-2010
106509;PineBridge India Liquid Fund- Standard Plan-Weekly Dividend Option;;INF178L01764;1001.4847;1001.4847;1001.4847;11-Jun-2010
106506;PineBridge India Liquid Fund-Institutional Plan-Daily Dividend Option;;INF178L01616;1001.0000;1001.0000;1001.0000;11-Jun-2010
106511;PineBridge India Liquid Fund-Institutional Plan-Growth Option;INF178L01632;;1192.1366;1192.1366;1192.1366;11-Jun-2010
106507;PineBridge India Liquid Fund-Institutional Plan-Weekly Dividend Option;;INF178L01681;1001.4740;1001.4740;1001.4740;11-Jun-2010
106503;PineBridge India Liquid Fund-Retail Plan-DailyDividend Option;;INF178L01533;1001.0000;1001.0000;1001.0000;11-Jun-2010
106514;PineBridge India Liquid Fund-Retail Plan-Growth Option;INF178L01558;;1182.2129;1182.2129;1182.2129;11-Jun-2010
106504;PineBridge India Liquid Fund-Retail Plan-Monthly Dividend Option;INF178L01566;INF178L01574;1002.9640;1002.9640;1002.9640;11-Jun-2010
106516;PineBridge India Liquid Fund-Retail Plan-Quarterly Dividend Option;INF178L01582;INF178L01590;1008.4686;1008.4686;1008.4686;11-Jun-2010
106510;PineBridge India Liquid Fund-Retail Plan-Weekly Dividend Option;;INF178L01608;1001.4410;1001.4410;1001.4410;11-Jun-2010

Sahara Mutual Fund
101397;Sahara Liquid Fund-Fixed Pricing -  Weekly Dividend Option;;INF515L01064;1026.4232;1026.4232;1026.4232;11-Jun-2010
101393;Sahara Liquid Fund-Fixed Pricing - Daily Dividend Option;;INF515L01049;1024.9045;1024.9045;1024.9045;11-Jun-2010
101394;Sahara Liquid Fund-Fixed Pricing - Growth option;INF515L01056;;1681.9487;1681.9487;1681.9487;11-Jun-2010
101398;Sahara Liquid Fund-Fixed Pricing - Monthly Dividend Option;;INF515L01072;1026.6218;1026.6218;1026.6218;11-Jun-2010
101399;Sahara Liquid Fund-Variable Pricing - Daily Dividend option;;INF515L01080;1024.9262;1024.9262;1024.9262;11-Jun-2010
101402;Sahara Liquid Fund-Variable Pricing - Growth option;INF515L01114;;1695.1649;1695.1649;1695.1649;11-Jun-2010
101400;Sahara Liquid Fund-Variable Pricing - Weekly Dividend Option;;INF515L01098;1025.8121;1025.8121;1025.8121;11-Jun-2010
101401;Sahara Liquid Fund-Variable Pricing- Monthly Dividend Option;;INF515L01106;1026.9437;1026.9437;1026.9437;11-Jun-2010

Shinsei Mutual Fund
112049;Shinsei Liquid Fund - Institutional - Daily Dividend;;;1000.5197;1000.5197;1000.5197;11-Jun-2010
112041;Shinsei Liquid Fund - Institutional - Growth;;;1040.0704;1040.0704;1040.0704;11-Jun-2010
112052;Shinsei Liquid Fund - Retail - Daily Dividend;;;1000.5200;1000.5200;1000.5200;11-Jun-2010
112040;Shinsei Liquid Fund - Retail - Growth;;;1038.8484;1038.8484;1038.8484;11-Jun-2010
112051;Shinsei Liquid Fund - Retail - Weekly Dividend;;;1001.1236;1001.1236;1001.1236;11-Jun-2010

Tata Mutual Fund
101861;Tata Liquid Fund-Regular Plan  - Weekly Dividend;INF277K016C5;;1150.9901;1150.9901;1150.9901;11-Jun-2010
101984;Tata Liquid High Investment Plan - Daily;;;1114.3379;1114.3379;1114.3379;11-Jun-2010
101860;Tata Liquid High Investment Plan - Growth;INF277K01LN4;;1541.3850;1541.3850;1541.3850;11-Jun-2010
101985;Tata Liquid High Investment Plan - Monthly;INF277K01LO2;INF277K01LP9;1022.0990;1022.0990;1022.0990;11-Jun-2010
101859;Tata Liquid High Investment Plan - Weekly;;;1146.9697;1146.9697;1146.9697;11-Jun-2010
101982;Tata Liquid Retail Investment PLan - Daily;;;1116.8143;1116.8143;1116.8143;11-Jun-2010
101983;Tata Liquid Retail Investment Plan - Fortnightly;;;1146.5272;1146.5272;1146.5272;11-Jun-2010
101858;Tata Liquid Retail Investment Plan - Growth;INF277K01LM6;;2131.5797;2131.5797;2131.5797;11-Jun-2010
103631;Tata Liquidity Management Fund - Regular Plan - Daily Dividend;;;1002.6089;1002.6089;1002.6089;11-Jun-2010
103632;Tata Liquidity Management Fund - Regular Plan - Growth;INF277K01LW5;;1266.8326;1266.8326;1266.8326;11-Jun-2010
103519;Tata Liquidity Management Fund - Regular Plan  -Weekly Dividend;;;1005.9070;1005.9070;1005.9070;11-Jun-2010

Open Ended Schemes ( Money Market )


Franklin Templeton Mutual Fund
100561;Templeton India Money Market Account - Bonus Plan;;;1.0000;1.0000;1.0000;11-Jun-2010
104554;Templeton India Money Market Account - Dividend Plan;;;1.0000;1.0000;1.0000;11-Jun-2010

quant Mutual Fund
103094;Escorts Mutual Fund Unclaimed Dundee Balanced Fund;;;0;0;0;11-Jun-2010
103093;Escorts Mutual Fund Unclaimed Dundee Corporate Bond Fund-Annual Dividend;;;0;0;0;11-Jun-2010
103089;Escorts Mutual Fund Unclaimed Dundee Corporate Bond Fund-Appreciation;;;0;0;0;11-Jun-2010
103092;Escorts Mutual Fund Unclaimed Dundee Corporate Bond Fund-Half Yearly Dividend;;;0;0;0;11-Jun-2010
103090;Escorts Mutual Fund Unclaimed Dundee Corporate Bond Fund-Monthly Dividend;;;0;0;0;11-Jun-2010
103091;Escorts Mutual Fund Unclaimed Dundee Corporate Bond Fund-Quarterly Dividend;;;0;0;0;11-Jun-2010
103041;Escorts Mutual Fund Unclaimed Dundee Liquidity Fund-Appreciation;;;0;0;0;11-Jun-2010
103042;Escorts Mutual Fund Unclaimed Dundee Liquidity Fund-Dividend;;;0;0;0;11-Jun-2010
103047;Escorts Mutual Fund Unclaimed Dundee PSU Bond Fund-Annual Dividend;;;0;0;0;11-Jun-2010
103043;Escorts Mutual Fund Unclaimed Dundee PSU Bond Fund-Appreciation;;;0;0;0;11-Jun-2010
103046;Escorts Mutual Fund Unclaimed Dundee PSU Bond Fund-Half Yearly Dividend;;;0;0;0;11-Jun-2010
103044;Escorts Mutual Fund Unclaimed Dundee PSU Bond Fund-Monthly Dividend;;;0;0;0;11-Jun-2010
103045;Escorts Mutual Fund Unclaimed Dundee PSU Bond Fund-Quarterly Dividend;;;0;0;0;11-Jun-2010
103033;Escorts Mutual Fund Unclaimed Dundee Sovereign Trust-Annual Dividend;;;0;0;0;11-Jun-2010
103029;Escorts Mutual Fund Unclaimed Dundee Sovereign Trust-Appreciation;;;0;0;0;11-Jun-2010
103032;Escorts Mutual Fund Unclaimed Dundee Sovereign Trust-Half Yearly Dividend;;;0;0;0;11-Jun-2010
103030;Escorts Mutual Fund Unclaimed Dundee Sovereign Trust-Monthly Dividend;;;0;0;0;11-Jun-2010
103095;Escorts Mutual Fund Unclaimed Dundee Tax Saver Fund;;;0;0;0;11-Jun-2010

Tata Mutual Fund
102152;Tata Money Market Fund Regular (Bonus / Dividend);;;10.1524;10.1524;10.1524;11-Jun-2010
102153;Tata Money Market Fund Regular (Growth);INF277K01LY1;;14.8812;14.8812;14.8812;11-Jun-2010

Open Ended Schemes ( Gilt )


Aditya Birla Sun Life Mutual Fund
103190;Aditya Birla Sun Life Government Securities Fund - Short Term Plan - Growth - Regular Plan;INF209K01BD9;;18.3670;18.3670;18.3670;11-Jun-2010
110515;Aditya Birla Sun Life Government Seurities Fund - Short Term Plan - Daily Dividend - Regular Plan;INF209K01BB3;;10.0031;10.0031;10.0031;11-Jun-2010
110668;Aditya Birla Sun Life Govt, Securities Short Term Fund-Institutional Plan A(Dividend);INF209K01KJ7;;10.0000;10.0000;10.0000;11-Jun-2010
103189;Aditya Birla Sun Life Govt, Securities Short Term Fund-Retail Plan A(Dividend);;INF209K01DZ8;10.2441;10.2441;10.2441;11-Jun-2010
110516;Aditya Birla Sun Life Govt, Securities Short Term Fund-Retail Weekly Dividend Option;;;10.0082;10.0082;10.0082;11-Jun-2010

Bandhan Mutual Fund
108752;BANDHAN GSF - Investment Plan - Growth;INF194K01DP3;;17.6546;17.6546;17.6546;11-Jun-2010
108754;BANDHAN GSF - Investment Plan - Half Yearly Dividend;INF194K01DR9;INF194K01DQ1;10.9053;10.9053;10.9053;11-Jun-2010
108643;BANDHAN GSF - Investment Plan - Quarterly Dividend;INF194K01DX7;INF194K01DW9;10.5880;10.5880;10.5880;11-Jun-2010
108659;IDFC GSF-Provident Fund-Inst Plan B-Growth;INF194K01ET3;;15.0634;15.0634;15.0634;11-Jun-2010
108660;IDFC GSF-Provident Fund-Inst Plan B-Quarterly Dividend;INF194K01EY3;INF194K01EX5;10.9190;10.9190;10.9190;11-Jun-2010
108663;IDFC GSF-Provident Fund-Regular Plan-Annual Dividend;INF194K01EO4;INF194K01EN6;11.1200;11.1200;11.1200;11-Jun-2010
108661;IDFC GSF-Provident Fund-Regular Plan-Growth;INF194K01EM8;;14.9295;14.9295;14.9295;11-Jun-2010
108662;IDFC GSF-Provident Fund-Regular Plan-Quarterly Dividend;INF194K01ER7;INF194K01EQ9;10.8495;10.8495;10.8495;11-Jun-2010

Deutsche Mutual Fund
110703;DWS Gilt Fund - Dividend;INF223J01AO1;INF223J01AP8;10.4995;10.3945;10.4995;11-Jun-2010
110706;DWS Gilt Fund - Growth;INF223J01AQ6;;10.7320;10.6247;10.7320;11-Jun-2010
110704;DWS Gilt Fund - Institutional Plan - Growth;INF223J01AN3;;10.0598;9.9592;10.0598;11-Jun-2010

Edelweiss Mutual Fund
112053;Edelweiss Gilt Fund - Dividend Option;INF754K01442;INF754K01467;10.2723;10.2620;10.2723;11-Jun-2010
112054;Edelweiss Gilt Fund - Growth Option;INF754K01434;;10.2723;10.2620;10.2723;11-Jun-2010

Fidelity Mutual Fund
109557;Fidelity Flexi Gilt Fund - Dividend Option;INF677K01BA3;INF677K01BB1;10.1697;10.1189;10.1697;11-Jun-2010
109556;Fidelity Flexi Gilt Fund - Growth Option;INF677K01AZ2;;11.6679;11.6096;11.6679;11-Jun-2010

HDFC Mutual Fund
101081;HDFC Gilt Fund-Short Term-Dividend;INF179K01780;INF179K01798;10.7554;10.7554;10.7554;11-Jun-2010
101082;HDFC Gilt Fund-Short Term-Growth;INF179K01806;;16.0529;16.0529;16.0529;11-Jun-2010

HSBC Mutual Fund
102065;HSBC Gilt Fund  - Dividend;INF336L01735;INF336L01727;10.3621;10.3621;10.3621;11-Jun-2010
102066;HSBC Gilt Fund  - Growth;INF336L01719;;11.7506;11.7506;11.7506;11-Jun-2010
110457;HSBC Gilt Fund - Dividend - Weekly;;INF336L01743;9.6432;9.6432;9.6432;11-Jun-2010

ICICI Prudential Mutual Fund
102060;ICICI Prudential Gilt Fund Investment Plan PF Option - Growth;INF109K01JS2;;18.4533;18.3426;18.4533;11-Jun-2010
102248;ICICI Prudential Gilt Fund Treasury Plan PF Option - Growth;INF109K01KA8;;15.5843;15.4596;15.5843;11-Jun-2010

ING Mutual Fund
102384;ING Gilt Fund Provident Fund - Dynamic Plan-Annual Dividend Option;INF084M01903;INF084M01911;10.7854;10.7854;10.7854;11-Jun-2010
112859;ING Gilt Fund Provident Fund - Dynamic Plan-Cyclical Series Option 2010;;;10.1995;10.1995;10.1995;11-Jun-2010
102382;ING Gilt Fund Provident Fund - Dynamic Plan-Growth Auto Income Payout Option;INF084M01861;;15.3102;15.3102;15.3102;11-Jun-2010
102381;ING Gilt Fund Provident Fund - Dynamic Plan-Growth Option;INF084M01853;;15.3102;15.3102;15.3102;11-Jun-2010
102383;ING Gilt Fund Provident Fund - Dynamic Plan-Half Yearly Dividend Option;INF084M01887;INF084M01895;10.7244;10.7244;10.7244;11-Jun-2010

Invesco Mutual Fund
107481;Religare Invesco GILT Fund - Short Duration Plan - Growth;INF205K01SZ4;;10.4842;10.4842;10.4842;11-Jun-2010
107480;Religare Invesco GILT Fund - Short Duration Plan - Monthly Dividend;INF205K01TA5;INF205K01TB3;10.0412;10.0412;10.0412;11-Jun-2010

Mirae Asset Mutual Fund
111698;Mirae Asset Gilt Fund Investment Plan - Institutional Growth;INF769K01358;;10.3826;10.3826;10.3826;11-Jun-2010
111697;Mirae Asset Gilt Fund Investment Plan - Provident Fund Automatic Annual Reinvestment;;INF769K01440;10.3830;10.2999;10.3830;11-Jun-2010
111695;Mirae Asset Gilt Fund Investment Plan - Provident Fund Automatic Capital Appreciation Monthly;INF769K01390;;10.3834;10.3003;10.3834;11-Jun-2010
111699;Mirae Asset Gilt Fund Investment Plan - Provident Fund Automatic Capital Appreciation Quarterly;INF769K01408;;10.3830;10.2999;10.3830;11-Jun-2010
111694;Mirae Asset Gilt Fund Investment Plan - Provident Fund Defined Maturity Date;INF769K01432;;10.3830;10.2999;10.3830;11-Jun-2010
111701;Mirae Asset Gilt Fund Investment Plan - Regular Dividend;INF769K01333;INF769K01341;10.3840;10.3321;10.3840;11-Jun-2010
111692;Mirae Asset Gilt Fund Investment Plan - Regular Growth;INF769K01325;;10.3822;10.3303;10.3822;11-Jun-2010
111691;Mirae Asset Gilt Fund Savings Plan - Provident Fund Automatic Capital Appreciation Half Yearly;INF769K01549;;10.2342;10.1728;10.2342;11-Jun-2010
111688;Mirae Asset Gilt Fund Savings Plan - Provident Fund Automatic Capital Appreciation Quarterly;INF769K01531;;10.2342;10.1728;10.2342;11-Jun-2010
111683;Mirae Asset Gilt Fund Savings Plan - Regular Dividend;INF769K01465;INF769K01473;10.2245;10.2245;10.2245;11-Jun-2010
111682;Mirae Asset Gilt Fund Savings Plan - Regular Growth;INF769K01457;;10.2240;10.2240;10.2240;11-Jun-2010

Principal Mutual Fund
101117;Principal Government Securities Fund-Dividend Option - Quarterly;INF173K01AN8;INF173K01AO6;11.2178;11.1056;11.2178;11-Jun-2010
101119;Principal Government Securities Fund-Dividend Option- Annually;INF173K01AQ1;INF173K01AR9;13.8686;13.7299;13.8686;11-Jun-2010
101118;Principal Government Securities Fund-Growth;INF173K01AM0;;19.8166;19.6184;19.8166;11-Jun-2010
101116;Principal Government Securities Fund-Investment-Dividend - Half Yearly;;;11.1303;11.019;11.1303;11-Jun-2010

Sahara Mutual Fund
101171;Sahara Gilt Fund-Dividend;INF515L01122;INF515L01130;13.7423;13.7423;13.7423;11-Jun-2010
101170;Sahara Gilt Fund-Growth;INF515L01148;;16.4668;16.4668;16.4668;11-Jun-2010

Tata Mutual Fund
102067;Tata Gilt Retirement Plan (28-2-11) Growth;;;12.5042;12.4417;12.5042;11-Jun-2010
102086;Tata Gilt Retirement Plan (28-2-13) Dividend;;;12.6623;12.5990;12.6623;11-Jun-2010
101956;Tata Gilt Retirement Plan (28-2-13) Growth;;;12.5840;12.5211;12.5840;11-Jun-2010
102116;Tata Gilt Retirement Plan (28-2-16) Growth;;;12.4036;12.3416;12.4036;11-Jun-2010
101828;Tata Gilt Securities Short Maturity Fund -Regular Fund-Quarterly DIvidend;INF277K01DP6;INF277K01568;10.9345;10.9345;10.9345;11-Jun-2010
101883;Tata Gilt Securities Short Maturity Fund -Regular Plan-Growth;INF277K01576;;14.9662;14.9662;14.9662;11-Jun-2010

Taurus Mutual Fund
101094;Taurus Gilt Fund-Dividend;INF044D01AL0;INF044D01AM8;13.6628;13.5262;13.6628;11-Jun-2010
101095;Taurus Gilt Fund-Growth;INF044D01AN6;;13.9429;13.8035;13.9429;11-Jun-2010

Open Ended Schemes ( ELSS )


Deutsche Mutual Fund
103559;DWS TAX SAVING FUND-DIVIDEND;INF223J01333;INF223J01341;12.3035;12.3035;12.3035;11-Jun-2010
103558;DWS TAX SAVING FUND-GROWTH;INF223J01358;;13.1609;13.1609;13.1609;11-Jun-2010

Fidelity Mutual Fund
103421;Fidelity Tax Advantage Fund-Dividend Option;;;17.771;17.504;17.771;11-Jun-2010
103420;Fidelity Tax Advantage Fund-Growth Option;;;19.794;19.497;19.794;11-Jun-2010

Fortis Mutual Fund
110752;Fortis Tax  Advantage Plan (ELSS)-Dividend Option;;;10.233;10.233;10.233;11-Jun-2010
110751;Fortis Tax  Advantage Plan (ELSS)-Growth Option;;;12.846;12.846;12.846;11-Jun-2010

Franklin Templeton Mutual Fund
101037;Franklin India Index Tax Fund;;;39.2801;39.2801;39.2801;11-Jun-2010

ING Mutual Fund
102317;ING Tax Savings Fund-Bonus Option;INF084M01333;;26.9700;26.9700;26.9700;11-Jun-2010
102316;ING Tax Savings Fund-Dividend Option;INF084M01317;INF084M01325;13.2800;13.2800;13.2800;11-Jun-2010
102315;ING Tax Savings Fund-Growth Option;INF084M01309;;26.9300;26.9300;26.9300;11-Jun-2010

JPMorgan Mutual Fund
111678;JPMorgan India Tax Advantage Fund - Regular Plan - Dividend Option;INF843K01112;INF843K01120;13.416;13.416;13.416;11-Jun-2010
111677;JPMorgan India Tax Advantage Fund - Regular Plan - Growth Option;INF843K01104;;16.571;16.571;16.571;11-Jun-2010

L&T Mutual Fund
112537;L&T Tax Saver Fund- Regular Plan - Dividend;INF917K01262;INF917K01270;13.74;13.74;13.74;11-Jun-2010
112538;L&T Tax Saver Fund-Regular Plan - Growth;INF917K01288;;14.79;14.79;14.79;11-Jun-2010

Sahara Mutual Fund
100337;SaharaTax Gain-Dividend;INF515L01189;INF515L01197;15.2794;15.1266;15.2794;11-Jun-2010
100338;SaharaTax Gain-Growth;INF515L01205;;34.2723;33.9296;34.2723;11-Jun-2010

Open Ended Schemes ( Floating Rate )


HDFC Mutual Fund
101671;HDFC Floating Rate Income Fund-Long Term Plan-GROWTH;INF179K01624;;15.9883;15.5087;15.9883;11-Jun-2010
101670;HDFC Floating Rate Income Fund-Long Term Plan-Weekly Dividend Option;;INF179K01616;10.1578;9.8531;10.1578;11-Jun-2010

HSBC Mutual Fund
106669;HSBC Floating Rate Fund - Long Term - Dividend - Fortnightly;;INF336L01677;10.2132;10.2132;10.2132;11-Jun-2010
102831;HSBC Floating Rate Fund - Long Term - Dividend - Monthly;INF336L01701;INF336L01693;10.1735;10.1735;10.1735;11-Jun-2010
102830;HSBC Floating Rate Fund - Long Term - Dividend - Weekly;INF336L01628;INF336L01610;11.2393;11.2393;11.2393;11-Jun-2010
102829;HSBC Floating Rate Fund - Long Term - Growth;INF336L01685;;14.5491;14.5491;14.5491;11-Jun-2010
110015;HSBC Floating Rate Fund - Long Term - Inst -Dividend -Daily;;;10.2285;10.2285;10.2285;11-Jun-2010
110016;HSBC Floating Rate Fund - Long Term - Regular - Dividend - Daily;;;10.0126;10.0126;10.0126;11-Jun-2010
102828;HSBC Floating Rate Fund - Long Term - Regular - Dividend - Monthly;INF336L01669;INF336L01651;10.0143;10.0143;10.0143;11-Jun-2010
111759;HSBC Floating Rate Fund - Long Term - Regular - Dividend - weekly;;INF336L01644;10.0118;10.0118;10.0118;11-Jun-2010
102827;HSBC Floating Rate Fund - Long Term - Regular - Growth;INF336L01636;;14.3065;14.3065;14.3065;11-Jun-2010
102836;HSBC Floating Rate Fund - Short Term - Inst. - Dividend - Daily;;;10.2017;10.2017;10.2017;11-Jun-2010
102838;HSBC Floating Rate Fund - Short Term - Inst. - Dividend - Monthly;;;10.1477;10.1477;10.1477;11-Jun-2010
102837;HSBC Floating Rate Fund - Short Term - Inst. - Dividend - Weekly;;;0.0000;0.0000;0.0000;11-Jun-2010
102835;HSBC Floating Rate Fund - Short Term - Inst. - Growth;;;13.9035;13.9035;13.9035;11-Jun-2010
102840;HSBC Floating Rate Fund - Short Term - Inst. Plus - Dividend - Daily;;;0.0000;0.0000;0.0000;11-Jun-2010
102842;HSBC Floating Rate Fund - Short Term - Inst. Plus - Dividend - Monthly;;;0.0000;0.0000;0.0000;11-Jun-2010
102841;HSBC Floating Rate Fund - Short Term - Inst. Plus - Dividend - Weekly;;;0.0000;0.0000;0.0000;11-Jun-2010
102839;HSBC Floating Rate Fund - Short Term - Inst. Plus - Growth;;;11.8124;11.8124;11.8124;11-Jun-2010
102833;HSBC Floating Rate Fund - Short Term - Regular - Dividend - Daily;;;10.0000;10.0000;10.0000;11-Jun-2010
102834;HSBC Floating Rate Fund - Short Term - Regular - Dividend - Weekly;;;10.0244;10.0244;10.0244;11-Jun-2010
102832;HSBC Floating Rate Fund - Short Term - Regular - Growth;;;13.7537;13.7537;13.7537;11-Jun-2010

LIC Mutual Fund
112091;LIC NOMURA MF Floating Rate Fund - Short Term Plan - Daily Dividend;INF767K01436;INF767K01444;10.0000;10.0000;10.0000;11-Jun-2010
102268;LIC NOMURA MF Floating Rate Fund - Short Term Plan-Growth;INF767K01477;;15.2772;15.2772;15.2772;11-Jun-2010
102269;LIC NOMURA MF Floating Rate Fund - Short Term Plan-Weekly Dividend;INF767K01451;INF767K01469;10.1521;10.1521;10.1521;11-Jun-2010

SBI Mutual Fund
102508;SBI Magnum Income Fund - F R P - Long Term - Inst. (D);;;N.A.;N.A.;N.A.;11-Jun-2010
102507;OLD-SBI Magnum Income Fund - F R P - Long Term - Inst. (G);;;N.A.;N.A.;N.A.;11-Jun-2010

Tata Mutual Fund
102155;Tata Floating Rate Fund - Long Term Plan- Regular Plan - Growth;INF277K01YF3;;13.7138;13.6452;13.7138;11-Jun-2010
102154;Tata Floating Rate Fund - Regular Plan- Dividend;INF277K01DM3;INF277K01493;10.5716;10.5187;10.5716;11-Jun-2010

Open Ended Schemes ( Fund of Funds - Domestic )


Aditya Birla Sun Life Mutual Fund
102184;Aditya Birla Sun Life Asset Allocation Fund-Aggressive Plan-Dividend Plan;INF209K01AR1;INF209K01DU9;32.1994;32.1994;32.1994;11-Jun-2010
102185;Aditya Birla Sun Life Asset Allocation Fund-Aggressive Plan-Growth Plan;INF209K01AS9;;32.1994;32.1994;32.1994;11-Jun-2010
102188;Aditya Birla Sun Life Asset Allocation Fund-Conservative Plan-Dividend Plan;INF209K01AV3;INF209K01DW5;19.8368;19.8368;19.8368;11-Jun-2010
102189;Aditya Birla Sun Life Asset Allocation Fund-Conservative Plan-Growth Plan;INF209K01AW1;;19.8368;19.8368;19.8368;11-Jun-2010
102186;Aditya Birla Sun Life Asset Allocation Fund-Moderate Plan-Dividend Plan;INF209K01AT7;INF209K01DV7;26.6970;26.6970;26.6970;11-Jun-2010
102187;Aditya Birla Sun Life Asset Allocation Fund-Moderate Plan-Growth Plan;INF209K01AU5;;26.6970;26.6970;26.6970;11-Jun-2010

Fidelity Mutual Fund
111738;Fidelity Wealth Builder Fund - Plan A - Dividend Option;INF677K01700;INF677K01718;10.3862;10.2823;10.3862;11-Jun-2010
111741;Fidelity Wealth Builder Fund - Plan A - Growth Option;INF677K01726;;11.3434;11.2300;11.3434;11-Jun-2010
111737;Fidelity Wealth Builder Fund - Plan B - Dividend Option;INF677K01734;INF677K01742;10.9813;10.8715;10.9813;11-Jun-2010
111742;Fidelity Wealth Builder Fund - Plan B - Growth Option;INF677K01759;;12.4887;12.3638;12.4887;11-Jun-2010
111740;Fidelity Wealth Builder Fund - Plan C - Dividend Option;INF677K01767;INF677K01775;11.7287;11.6114;11.7287;11-Jun-2010
111739;Fidelity Wealth Builder Fund - Plan C - Growth Option;INF677K01783;;14.1241;13.9829;14.1241;11-Jun-2010

ING Mutual Fund
104757;ING 5 Star Multi-Manager FoF Scheme - Dividend;INF084M01AR4;INF084M01AS2;11.9025;11.9025;11.9025;11-Jun-2010
104756;ING 5 Star Multi-Manager FoF Scheme - Growth;INF084M01AQ6;;13.7615;13.7615;13.7615;11-Jun-2010
104649;ING Active Debt Multi-Manager FoF Scheme- Dividend;INF084M01AI3;INF084M01AJ1;10.0692;10.0692;10.0692;11-Jun-2010
104650;ING Active Debt Multi-Manager FoF Scheme- Growth;INF084M01AH5;;12.8452;12.8452;12.8452;11-Jun-2010
104174;ING Asset Allocator Multi-Manager FoF Scheme - Dividend;INF084M01AF9;INF084M01AG7;14.3873;14.3873;14.3873;11-Jun-2010
104175;ING Asset Allocator Multi-Manager FoF Scheme - Growth;INF084M01AE2;;15.6180;15.6180;15.6180;11-Jun-2010
103740;ING Income Growth Multi-Manager FoF Scheme Option A -15% Equity Plan-Growth;INF084M01AK9;;11.4972;11.4972;11.4972;11-Jun-2010
103739;ING Income Growth Multi-Manager FoF Scheme-15% Equity Plan Option A-Dividend;INF084M01AL7;INF084M01AM5;11.1184;11.1184;11.1184;11-Jun-2010
103741;ING Income Growth Multi-Manager FoF Scheme-30% Equity Plan Option A -Dividend;INF084M01AO1;INF084M01AP8;11.8689;11.8689;11.8689;11-Jun-2010
103742;ING Income Growth Multi-Manager FoF Scheme-30% Equity Plan Option A -Growth;INF084M01AN3;;12.2772;12.2772;12.2772;11-Jun-2010

Open Ended Schemes ( GOLD ETFs )


Benchmark Mutual Fund
105085;Gold Benchmark Exchange Traded Scheme (Gold BeES);;;1830.3761;1830.3761;1830.3761;11-Jun-2010

Nippon India Mutual Fund
107015;R * Shares Gold ETF -Dividend Payout Option;INF733I01010;;1778.8500;1778.8500;1778.8500;11-Jun-2010

Open Ended Schemes ( Other ETFs )


Benchmark Mutual Fund
101296;Banking Index Benchmark Exchange Traded Scheme (Bank BeES);;;950.5455;950.5455;950.5455;11-Jun-2010
112395;Hang Seng Benchmark Exchange Traded Scheme (Hang Seng BeES);;;1213.0662;1213.0662;1213.0662;11-Jun-2010
101884;Liquid Benchmark Exchange Traded Scheme (Liquid BeES);;;1000.0000;1000.0000;1000.0000;11-Jun-2010
101325;Nifty Benchmark Exchange Traded Scheme- Nifty BeES;;;515.4138;515.4138;515.4138;11-Jun-2010
101621;Nifty Junior Benchmark Exchange Traded Scheme (Junior BeES);;;108.7410;108.7410;108.7410;11-Jun-2010
106858;PSU Bank Benchmark Exchange Traded Scheme (PSU Bank BeES);;;364.5771;364.5771;364.5771;11-Jun-2010
111832;Shariah BeES;;;119.2710;119.2710;119.2710;11-Jun-2010

Nippon India Mutual Fund
108410;R * Shares Banking ETF -Dividend Payout Option;INF733I01028;;969.1367;969.1367;969.1367;11-Jun-2010

UTI Mutual Fund
101898;UTI Sunder;INF789F01042;;541.1202;541.1202;541.1202;11-Jun-2010

Open Ended Schemes ( Fund of Funds - Overseas )


Deutsche Mutual Fund
112854;DWS Global Agribusiness Fund - Dividend;INF223J01AS2;INF223J01AT0;9.66;9.56;9.66;11-Jun-2010
112853;DWS Global Agribusiness Fund - Growth;INF223J01AU8;;9.66;9.56;9.66;11-Jun-2010
106668;DWS Top Euroland Offshore Fund - Dividend;INF223J01AW4;INF223J01AX2;7.46;7.39;7.46;11-Jun-2010
106667;DWS Top Euroland Offshore Fund - Growth;INF223J01AY0;;7.46;7.39;7.46;11-Jun-2010

DSP Mutual Fund
112128;DSP World Energy Fund - Institutional Plan - Growth;INF740K01HD0;;9.2695;9.2695;9.2695;11-Jun-2010
110411;DSP World Gold Fund - Institutional Plan - Growth;INF740K01HA6;;9.9160;9.9160;9.9160;11-Jun-2010

Fidelity Mutual Fund
112406;Fidelity Global Real Assets Fund-Dividend Option;INF677K01197;INF677K01205;10.348;10.245;10.348;11-Jun-2010
112350;Fidelity Global Real Assets Fund-Growth Option;INF677K01189;;10.348;10.245;10.348;11-Jun-2010

ING Mutual Fund
110106;ING Global Commodities Fund- Dividend Option;INF084M01AU8;INF084M01AV6;11.1416;11.1416;11.1416;11-Jun-2010
110105;ING Global Commodities Fund-Growth Option;INF084M01AT0;;11.1493;11.1493;11.1493;11-Jun-2010
107998;ING Global Real Estate Fund - Institutional Plan Dividend Option;INF084M01BD2;INF084M01BE0;10.0000;10.0000;10.0000;11-Jun-2010
107999;ING Global Real Estate Fund - Institutional Plan Growth Option;INF084M01BC4;;10.0000;10.0000;10.0000;11-Jun-2010
107339;ING Global Real Estate Fund - Retail Plan - Dividend Option;INF084M01BA8;INF084M01BB6;8.9400;8.9400;8.9400;11-Jun-2010
107341;ING Global Real Estate Fund - Retail Plan Growth Option;INF084M01AZ7;;8.9300;8.9300;8.9300;11-Jun-2010
109695;ING Latin America Equity Fund - Dividend Option;INF084M01BG5;INF084M01BH3;10.1700;10.1700;10.1700;11-Jun-2010
109696;ING Latin America Equity Fund - Growth Option;INF084M01BF7;;10.1700;10.1700;10.1700;11-Jun-2010

JPMorgan Mutual Fund
112084;JPMorgan Greater China Equity Off-shore Fund - Regular Plan - Growth Option;INF843K01138;;9.921;9.822;9.921;11-Jun-2010

Mirae Asset Mutual Fund
112147;Mirae Asset China Advantage Fund - Regular Plan Growth Option;INF769K01077;;8.9440;8.8550;8.9440;11-Jun-2010
112148;Mirae Asset China Advatage Fund-Regular Plan Dividend;INF769K01093;INF769K01085;8.9440;8.8550;8.9440;11-Jun-2010

PineBridge Mutual Fund
108168;PineBridge World Gold Fund - Standard Plan - Dividend Option;INF178L01137;INF178L01145;12.767;12.639;12.767;11-Jun-2010
108169;PineBridge World Gold Fund - Standard Plan - Growth Option;INF178L01152;;12.767;12.639;12.767;11-Jun-2010

Open Ended Schemes ( Equity Scheme - Multi Cap Fund )


Baroda BNP Paribas Mutual Fund
102020;Baroda BNP Paribas MULTI CAP FUND - Regular Plan - Growth Option;INF955L01674;;48.24;47.76;48.24;11-Jun-2010
102021;Baroda BNP Paribas MULTI CAP FUND - Regular Plan - IDCW Option;INF955L01658;INF955L01666;27.18;26.91;27.18;11-Jun-2010

ICICI Prudential Mutual Fund
101228;ICICI Prudential Multicap Fund - Growth;INF109K01613;;101.95;100.93;101.95;11-Jun-2010
101706;ICICI Prudential Multicap Fund - IDCW;INF109K01FK7;INF109K01621;15.97;15.81;15.97;11-Jun-2010
102957;ICICI Prudential Multicap Fund - Institutional Option - I;INF109K01639;;28.23;27.95;28.23;11-Jun-2010

Invesco Mutual Fund
107353;Invesco India Multicap Fund - Growth Option;INF205K01DN2;;12.85;0.00;0.00;11-Jun-2010
107352;Invesco India Multicap Fund - IDCW (Payout / Reinvestment);INF205K01DO0;INF205K01DP7;12.84;0.00;0.00;11-Jun-2010

Nippon India Mutual Fund
101163;NIPPON INDIA MULTI CAP FUND - IDCW Option;INF204K01455;INF204K01463;22.4658;22.2411;22.4658;11-Jun-2010
106252;Nippon India Multi Cap Fund Institutional Dividend Plan;INF204K01414;INF204K01422;31.8325;31.5142;31.8325;11-Jun-2010
101162;Nippon India Multi Cap Fund-Growth Plan-Bonus Option;INF204K01471;;31.8034;31.4854;31.8034;11-Jun-2010
101161;Nippon India Multi Cap Fund-Growth Plan-Growth Option;INF204K01489;;31.8037;31.4857;31.8037;11-Jun-2010

Principal Mutual Fund
100966;Principal Multi Cap Growth Fund- Half Yearly Income Distribution CUM Capital Withdrawal Option;INF173K01957;INF173K01965;22.74;22.51;22.74;11-Jun-2010
100967;Principal Multi Cap Growth Fund-Growth Option;INF173K01940;;50.2;49.7;50.2;11-Jun-2010

quant Mutual Fund
100631;quant Multi Cap Fund-GROWTH OPTION - Regular Plan;INF966L01234;;73.3931;73.3931;75.0444;11-Jun-2010
100630;quant Multi Cap Fund-IDCW Option - Regular Plan;INF966L01218;INF966L01226;12.1448;12.1448;12.4181;11-Jun-2010

Open Ended Schemes ( Equity Scheme - Large Cap Fund )


Aditya Birla Sun Life Mutual Fund
103174;Aditya Birla Sun Life Large Cap Fund-Growth;INF209K01BR9;;80.18;79.38;80.18;11-Jun-2010
112113;Aditya Birla Sun Life Large Cap Fund-Plan B (Dividend);;INF209K01ED3;12.12;12.00;12.12;11-Jun-2010
112114;Aditya Birla Sun Life Large Cap Fund-Plan B (Growth);;;12.12;12.00;12.12;11-Jun-2010
103173;Aditya Birla Sun Life Large Cap Fund-Regular - IDCW;INF209K01BO6;INF209K01EC5;21.62;21.40;21.62;11-Jun-2010

Axis Mutual Fund
112277;Axis Large Cap Fund - Regular Plan - Growth;INF846K01164;;10.41;10.31;10.41;11-Jun-2010
112278;Axis Large Cap Fund - Regular Plan - IDCW;INF846K01172;INF846K01180;10.41;10.31;10.41;11-Jun-2010

Bandhan Mutual Fund
108799;BANDHAN Large Cap Fund - Regular Plan - Growth;INF194K01516;;14.5335;14.5335;14.5335;11-Jun-2010
108800;BANDHAN Large Cap Fund - Regular Plan - IDCW;INF194K01490;INF194K01508;11.9199;11.9199;11.9199;11-Jun-2010

DSP Mutual Fund
101635;DSP Large Cap Fund - Regular Plan - Growth;INF740K01243;;91.400;90.486;91.400;11-Jun-2010
101636;DSP Large Cap Fund - Regular Plan - IDCW;INF740K01227;INF740K01235;20.546;20.341;20.546;11-Jun-2010

Edelweiss Mutual Fund
111938;Edelweiss Large Cap Fund - Plan B - IDCW Option;INF754K01053;INF754K01061;12.88;12.75;12.88;11-Jun-2010
111939;Edelweiss Large Cap Fund - Plan C - IDCW Option;INF754K01095;INF754K01103;12.92;12.79;12.92;11-Jun-2010
111940;Edelweiss Large Cap Fund - Regular Plan - Growth Option;INF754K01046;;12.85;12.72;12.85;11-Jun-2010
111936;Edelweiss Large Cap Fund - Regular Plan - IDCW Option;INF754K01012;INF754K01020;12.84;12.71;12.84;11-Jun-2010
111935;Edelweiss Large Cap Fund -Plan B - Growth option;INF754K01087;;12.89;12.76;12.89;11-Jun-2010
111937;Edelweiss Large Cap Fund -Plan C - Growth option;INF754K01129;;12.92;12.79;12.92;11-Jun-2010

Franklin Templeton Mutual Fund
100470;Franklin India Large Cap Fund - IDCW;INF090I01155;INF090I01163;38.3563;37.9727;38.3563;11-Jun-2010
100471;Franklin India Large Cap Fund-Growth;INF090I01171;;191.6112;189.6951;191.6112;11-Jun-2010

HDFC Mutual Fund
102000;HDFC Large Cap Fund - Growth Option - Regular Plan;INF179K01BE2;;187.27;185.397;187.27;11-Jun-2010
102001;HDFC Large Cap Fund - IDCW Option - Regular Plan;INF179K01BC6;INF179K01BD4;44.265;43.822;44.265;11-Jun-2010

HSBC Mutual Fund
101594;HSBC Large Cap Fund - Regular Growth;INF336L01016;;94.7550;92.8599;94.7550;11-Jun-2010
101593;HSBC Large Cap Fund - Regular IDCW;INF336L01024;INF336L01032;25.5784;25.0668;25.5784;11-Jun-2010

ICICI Prudential Mutual Fund
108467;ICICI Prudential Bluechip Fund - Institutional Option - I - Growth;INF109K01BN0;;14.52;14.37;14.52;11-Jun-2010
108466;ICICI Prudential Large Cap Fund (erstwhile Bluechip Fund)  - Growth;INF109K01BL4;;14.23;14.09;14.23;11-Jun-2010
108465;ICICI Prudential Large Cap Fund (erstwhile Bluechip Fund)  - IDCW;INF109K01EP9;INF109K01BM2;14.23;14.09;14.23;11-Jun-2010

Invesco Mutual Fund
112098;Invesco India Largecap Fund - Growth;INF205K01304;;11.49;11.38;11.49;11-Jun-2010
112099;Invesco India Largecap Fund - IDCW (Payout / Reinvestment);INF205K01320;INF205K01312;11.49;11.38;11.49;11-Jun-2010

JM Financial Mutual Fund
100219;JM Large Cap Fund (Regular) - Growth Option;INF192K01601;;34.8963;34.8963;34.8963;11-Jun-2010
100218;JM Large Cap Fund (Regular) - IDCW ;INF192K01585;INF192K01593;14.2066;14.2066;14.2066;11-Jun-2010

LIC Mutual Fund
106871;LIC MF Large Cap Fund-Regular Plan-Growth;INF767K01105;;11.9253;11.8060;11.9253;11-Jun-2010
100332;LIC MF Large Cap Fund-Regular Plan-IDCW;INF767K01097;INF767K01089;10.5766;10.4708;10.5766;11-Jun-2010

Mirae Asset Mutual Fund
107578;Mirae Asset Large Cap Fund - Growth Plan;INF769K01010;;14.6150;14.4690;14.6150;11-Jun-2010
107579;Mirae Asset Large Cap Fund Regular IDCW;INF769K01036;INF769K01028;13.5230;13.3880;13.5230;11-Jun-2010

Nippon India Mutual Fund
106235;Nippon India Large Cap  Fund- Growth Plan -Growth Option;INF204K01562;;11.6952;11.5782;11.6952;11-Jun-2010
106236;NIPPON INDIA LARGE CAP FUND - IDCW Option;INF204K01539;INF204K01547;11.6952;11.5782;11.6952;11-Jun-2010
106240;Nippon India Large Cap Fund- Growth Plan Bonus Option;INF204K01554;;11.6952;11.5782;11.6952;11-Jun-2010
106238;Nippon India Large Cap Fund-Institutional Plan Growth Plan Bonus Option;INF204K01513;;11.8882;11.7693;11.8882;11-Jun-2010
106237;Reliance Top 200  Fund-Institutional Plan Growth Plan Growth Option;INF204K01521;;11.8882;11.7693;11.8882;11-Jun-2010
106239;Reliance Top 200 Fund-Institutional Plan Dividend Option;INF204K01497;INF204K01505;11.8882;11.7693;11.8882;11-Jun-2010

SBI Mutual Fund
103616;SBI Large Cap Fund - Regular Plan - Income Distribution cum Capital Withdrawal Option (IDCW);INF200K01164;INF200K01172;12.04;11.92;12.04;11-Jun-2010
103504;SBI Large Cap FUND-REGULAR PLAN GROWTH;INF200K01180;;13.82;13.68;13.82;11-Jun-2010

Tata Mutual Fund
100475;Tata Large Cap Fund -Regular Plan - Growth Option;INF277K01931;;91.3191;90.4059;91.3191;11-Jun-2010
102036;Tata Large Cap Fund- Regular Plan - Payout of IDCW Option;INF277K01EG3;INF277K01923;36.2361;35.8737;36.2361;11-Jun-2010

Taurus Mutual Fund
101209;Taurus Large Cap Fund - Regular Plan - Growth;INF044D01773;;39.05;38.66;39.05;11-Jun-2010
108403;Taurus Large Cap Fund - Regular Plan - Payout of Income Distribution cum Capital Withdrawal option;INF044D01740;INF044D01757;39.30;38.91;39.30;11-Jun-2010

UTI Mutual Fund
100651;UTI Large Cap Fund - Regular Plan - Growth Option;INF789F01976;;48.36;48.36;48.36;11-Jun-2010
100650;UTI Large Cap Fund - Regular Plan - IDCW;INF189A01038;INF789F01950;28.55;28.55;28.55;11-Jun-2010

Open Ended Schemes ( Equity Scheme - Large & Mid Cap Fund )


Aditya Birla Sun Life Mutual Fund
100033;Aditya Birla Sun Life Large & Mid Cap Fund - Regular Growth;INF209K01165;;149.95;149.20;149.95;11-Jun-2010
100034;Aditya Birla Sun Life Large & Mid Cap Fund -Regular - IDCW;INF209K01157;INF209K01CE5;87.76;87.32;87.76;11-Jun-2010

Bandhan Mutual Fund
108596;Bandhan Large & Mid Cap Fund - Regular Plan - Growth;INF194K01524;;19.6198;19.6198;19.6198;11-Jun-2010
108597;Bandhan Large & Mid Cap Fund - Regular Plan - IDCW;INF194K01532;INF194K01540;14.1966;14.1966;14.1966;11-Jun-2010
111864;IDFC Core Equity Fund-Plan B- Dividend;INF194K01185;INF194K01193;12.5886;12.5886;12.5886;11-Jun-2010
111863;IDFC Core Equity Fund-Plan B- Growth;INF194K01177;;15.5996;15.5996;15.5996;11-Jun-2010

Bank of India Mutual Fund
110598;BANK OF INDIA Large & Mid Cap  Equity Fund Regular Plan- Quarterly IDCW;INF761K01116;INF761K01124;12.94;12.81;12.94;11-Jun-2010
110599;BANK OF INDIA Large & Mid Cap Equity Fund Eco Plan- Growth;INF761K01041;;16.90;16.73;16.90;11-Jun-2010
110601;BANK OF INDIA Large & Mid Cap Equity Fund Eco Plan-Bonus;INF761K01017;;16.90;16.73;16.90;11-Jun-2010
110604;BANK OF INDIA Large & Mid Cap Equity Fund Eco Plan-Quarterly IDCW;INF761K01058;INF761K01066;12.99;12.86;12.99;11-Jun-2010
110608;BANK OF INDIA Large & Mid Cap Equity Fund Eco Plan-Regular IDCW;INF761K01025;INF761K01033;11.89;11.77;11.89;11-Jun-2010
110603;BANK OF INDIA Large & Mid Cap Equity Fund Regular Plan- Growth;INF761K01108;;16.83;16.66;16.83;11-Jun-2010
110607;BANK OF INDIA Large & Mid Cap Equity Fund Regular Plan- Regular IDCW;INF761K01082;INF761K01090;11.86;11.74;11.86;11-Jun-2010
110606;BANK OF INDIA Large & Mid Cap Equity Fund Regular Plan-Bonus;INF761K01074;;16.83;16.66;16.83;11-Jun-2010

Canara Robeco Mutual Fund
102920;CANARA ROBECO LARGE AND MID CAP FUND - REGULAR PLAN - GROWTH OPTION;INF760K01167;;20.4200;20.4200;20.4200;11-Jun-2010
102921;CANARA ROBECO LARGE AND MID CAP FUND - REGULAR PLAN - IDCW (Payout/Reinvestment);INF760K01175;INF760K01183;14.0900;14.0900;14.0900;11-Jun-2010
102922;Canara Robeco Large and Mid Cap Fund -BONUS OPTION;INF760K01159;;17.0900;17.0900;17.0900;11-Jun-2010

DSP Mutual Fund
103819;DSP Large & Mid Cap Fund - Regular Plan - Growth;INF740K01094;;78.628;77.842;78.628;11-Jun-2010
103820;DSP Large & Mid Cap Fund - Regular Plan - IDCW;INF740K01078;INF740K01086;27.412;27.138;27.412;11-Jun-2010

Franklin Templeton Mutual Fund
102883;Franklin India Large & Mid Cap Fund - Growth Plan;INF090I01205;;28.9659;28.6762;28.9659;11-Jun-2010
102884;Franklin India Large & Mid Cap Fund - IDCW;INF090I01189;INF090I01197;14.6692;14.5225;14.6692;11-Jun-2010

ICICI Prudential Mutual Fund
100349;ICICI Prudential Large & Mid Cap Fund - Growth;INF109K01431;;121.48;120.27;121.48;11-Jun-2010
100348;ICICI Prudential Large & Mid Cap Fund - IDCW;INF109K01EQ7;INF109K01449;18.36;18.18;18.36;11-Jun-2010
100350;ICICI Prudential Large & Mid Cap Fund - Institutional Option - I - Growth;INF109K01456;;17.00;16.83;17.00;11-Jun-2010

Invesco Mutual Fund
106144;Invesco India Large & Mid Cap Fund - Growth;INF205K01247;;11.68;11.56;11.68;11-Jun-2010
106143;Invesco India Large & Mid Cap Fund - IDCW (Payout / Reinvestment);INF205K01262;INF205K01254;11.67;11.55;11.67;11-Jun-2010

Kotak Mahindra Mutual Fund
103234;Kotak Large & Midcap Fund - Growth-Regular;INF174K01187;;42.882;42.453;42.882;11-Jun-2010
103233;Kotak Large & Midcap Fund - IDCW-Regular;INF174K01203;INF174K01195;13.873;13.734;13.873;11-Jun-2010

Nippon India Mutual Fund
100378;NIPPON INDIA VISION FUND - IDCW Option;INF204K01372;INF204K01380;41.4481;41.0336;41.4481;11-Jun-2010
100379;Nippon India Vision Fund-GROWTH PLAN-Bonus Option;INF204K01398;;42.6730;42.2463;42.6730;11-Jun-2010
100380;Nippon India Vision Fund-GROWTH PLAN-Growth Option;INF204K01406;;254.0949;251.5540;254.0949;11-Jun-2010
106255;Nippon India Vision Large & Mid Cap Fund Institutional Dividend Plan;INF204K01331;INF204K01349;232.9306;230.6013;232.9306;11-Jun-2010
106256;Reliance Vision Fund Institutional Plan Growth Plan Growth Option;INF204K01364;;253.5968;251.0608;253.5968;11-Jun-2010

Principal Mutual Fund
111381;Principal Emerging Bluechip Fund - Growth Option;INF173K01155;;29.35;29.06;29.35;11-Jun-2010
111382;Principal Emerging Bluechip Fund - Half Yearly Income Distribution CUM Capital Withdrawal Option;INF173K01163;INF173K01171;23.22;22.99;23.22;11-Jun-2010

quant Mutual Fund
104515;quant Large & Mid Cap Fund - Bonus Option - Regular Plan;INF966L01424;;12.8370;12.8370;13.1258;11-Jun-2010
104513;quant Large & Mid Cap Fund - Growth Option;INF966L01341;;12.8145;12.8145;13.1028;11-Jun-2010
104514;quant Large & Mid Cap Fund - IDCW Option - Regular Plan;INF966L01325;INF966L01333;11.2847;11.2847;11.5386;11-Jun-2010

SBI Mutual Fund
101530;SBI Large & Midcap Fund - Regular Plan - Income Distribution cum Capital Withdrawal Option (IDCW);INF200K01289;INF200K01297;55.14;54.59;55.14;11-Jun-2010
103024;SBI LARGE & MIDCAP FUND- REGULAR PLAN -Growth;INF200K01305;;77.66;76.88;77.66;11-Jun-2010

Sundaram Mutual Fund
105001;Sundaram Large and Midcap Fund Regular Plan - Growth;INF903J01DT1;;13.2192;13.2192;0.0000;11-Jun-2010
105000;Sundaram Large and Midcap Regular Plan - Income Distribution cum Capital Withdrawal (IDCW);INF903J01DU9;INF903J01DV7;10.7837;10.7837;0.0000;11-Jun-2010

Tata Mutual Fund
101823;Tata Large & Mid Cap Fund Regular Plan - Payout of IDCW Option;INF277K01DH3;INF277K01410;21.5565;21.3409;21.5565;11-Jun-2010
101824;Tata Large & Mid Cap Fund- Regular Plan - Growth Option;INF277K01428;;77.0812;76.3104;77.0812;11-Jun-2010

UTI Mutual Fund
100664;UTI Large & Mid Cap Fund - Regular Plan - Growth Option;INF789F01869;;25.91;25.91;25.91;11-Jun-2010
100663;UTI Large & Mid Cap Fund - Regular Plan - IDCW;INF189A01046;INF789F01851;21.28;21.28;21.28;11-Jun-2010

Open Ended Schemes ( Equity Scheme - Mid Cap Fund )


Aditya Birla Sun Life Mutual Fund
101591;Aditya Birla Sun Life Midcap Fund -REGULAR - IDCW;INF209K01355;INF209K01CN6;24.51;24.26;24.51;11-Jun-2010
101592;Aditya Birla Sun Life MIDCAP Fund-Growth;INF209K01363;;104.49;103.45;104.49;11-Jun-2010
112115;Aditya Birla Sun Life MIDCAP Fund-Plan B (Dividend);;INF209K01CO4;13.19;13.06;13.19;11-Jun-2010
112116;Aditya Birla Sun Life MIDCAP Fund-Plan B (Growth);;;13.19;13.06;13.19;11-Jun-2010

DSP Mutual Fund
104481;DSP Midcap Fund - Regular Plan - Growth;INF740K01128;;15.990;15.830;15.990;11-Jun-2010
104482;DSP Midcap Fund - Regular Plan - IDCW;INF740K01102;INF740K01110;14.663;14.516;14.663;11-Jun-2010

Franklin Templeton Mutual Fund
100472;Franklin India Mid Cap Fund - IDCW;INF090I01726;INF090I01734;47.6601;47.1835;47.6601;11-Jun-2010
100473;Franklin India Mid Cap Fund-Growth;INF090I01809;;255.4864;252.9315;255.4864;11-Jun-2010

HDFC Mutual Fund
105758;HDFC Mid Cap Fund - Growth Plan;INF179K01CR2;;13.661;0;0;11-Jun-2010
105757;HDFC Mid Cap Fund - IDCW Plan;INF179K01CS0;INF179K01CT8;13.661;0;0;11-Jun-2010

ICICI Prudential Mutual Fund
102528;ICICI Prudential MidCap Fund - Growth;INF109K01AN2;;32.78;32.45;32.78;11-Jun-2010
102529;ICICI Prudential MidCap Fund - IDCW;INF109K01EH6;INF109K01AL6;16.32;16.16;16.32;11-Jun-2010
102530;ICICI Prudential MidCap Fund - Institutional Option - I;INF109K01AM4;;13.31;13.18;13.31;11-Jun-2010

Invesco Mutual Fund
105503;Invesco India Midcap Fund - Growth Option;INF205K01BC9;;12.95;12.82;12.95;11-Jun-2010
105504;Invesco India Midcap Fund - IDCW (Payout / Reinvestment);INF205K01BD7;INF205K01BE5;12.95;12.82;12.95;11-Jun-2010

Kotak Mahindra Mutual Fund
104908;Kotak Midcap Fund - Regular Plan - Growth;INF174K01DS9;;11.203;11.203;11.203;11-Jun-2010
104907;Kotak Midcap Fund - Regular Plan - IDCW -Payout & Re-investment of Income Distribution cum capital withdrawal option;INF174K01DU5;INF174K01DT7;11.202;11.202;11.202;11-Jun-2010

L&T Mutual Fund
112496;L&T Mid Cap Fund-Regular Plan-Growth;INF917K01254;;36.66;36.66;36.66;11-Jun-2010
112495;L&T Mid Cap Fund-Regular Plan-IDCW;INF917K01239;INF917K01247;21.16;21.16;21.16;11-Jun-2010

Nippon India Mutual Fund
100375;NIPPON INDIA GROWTH FUND - IDCW Option;INF204K01299;INF204K01307;54.8120;54.2639;54.8120;11-Jun-2010
100376;Nippon India Growth Fund-Growth Plan-Bonus Option;INF204K01315;;74.1715;73.4298;74.1715;11-Jun-2010
100377;Nippon India Growth Fund-Growth Plan-Growth Option;INF204K01323;;447.1439;442.6725;447.1439;11-Jun-2010
106260;NIPPON INDIA GROWTH MID CAP FUND - INSTITUTIONAL Plan - IDCW Option;INF204K01257;INF204K01265;435.5249;431.1697;435.5249;11-Jun-2010
106258;Reliance Growth Fund Institutional Plan Growth Plan Growth Option;INF204K01281;;450.1415;445.6401;450.1415;11-Jun-2010

quant Mutual Fund
101065;quant Mid Cap Fund - Growth Option - Regular Plan;INF966L01176;;27.1314;27.1314;27.1314;11-Jun-2010
101066;quant Mid Cap Fund - IDCW Option - Regular Plan;INF966L01150;INF966L01168;10.2062;10.2062;10.2062;11-Jun-2010

SBI Mutual Fund
102941;SBI MIDCAP FUND - REGULAR PLAN - GROWTH;INF200K01560;;21.31;21.1;21.31;11-Jun-2010
102942;SBI Midcap Fund - Regular Plan - Income Distribution cum Capital Withdrawal Option (IDCW);INF200K01578;INF200K01586;16.34;16.18;16.34;11-Jun-2010

Sundaram Mutual Fund
111941;Sundaram Mid Cap Fund Institutional Plan - Growth;INF903J01207;;135.7525;135.7525;135.7525;11-Jun-2010
101539;Sundaram Mid Cap Fund Regular Plan - Growth;INF903J01173;;135.3734;135.3734;135.3734;11-Jun-2010
101538;Sundaram Mid Cap Fund Regular Plan - Income Distribution cum Capital Withdrawal (IDCW);INF903J01181;INF903J01199;16.9166;16.9166;16.9166;11-Jun-2010

Tata Mutual Fund
102328;Tata Mid Cap Growth Fund Regular Plan- Growth Option;INF277K01626;;41.9722;41.5525;41.9722;11-Jun-2010
102326;Tata Mid Cap Growth Fund-Regular Plan - IDCW Option;INF277K01DS0;INF277K01642;16.7885;16.6206;16.7885;11-Jun-2010
102329;Tata Mid Cap Growth Fund Regular Plan  - Bonus (Growth);INF277K01634;;38.1413;37.7599;38.1413;11-Jun-2010

Taurus Mutual Fund
100477;Taurus Mid Cap Fund - Regular Plan - Growth;INF044D01815;;14.74;14.59;14.74;11-Jun-2010
111642;Taurus Mid Cap Fund - Regular Plan - Payout of Income Distribution cum Capital Withdrawal option;INF044D01781;INF044D01799;14.76;14.61;14.76;11-Jun-2010

UTI Mutual Fund
102393;UTI Mid Cap Fund - Regular Plan - IDCW;INF789F01794;INF789F01802;22.05;22.05;22.05;11-Jun-2010
102394;UTI Mid Cap Fund-Growth Option;INF789F01810;;29.63;29.63;29.63;11-Jun-2010

Open Ended Schemes ( Equity Scheme - Small Cap Fund )


Aditya Birla Sun Life Mutual Fund
105804;Aditya Birla Sun Life Small Cap Fund - GROWTH;INF209K01EN2;;11.6888;11.5719;11.6888;11-Jun-2010
105805;Aditya Birla Sun Life Small Cap Fund -Regular - IDCW;INF209K01EO0;INF209K01EP7;11.6888;11.5719;11.6888;11-Jun-2010

Franklin Templeton Mutual Fund
103361;Franklin India Small Cap Fund - IDCW;INF090I01544;INF090I01551;12.2771;11.7860;12.2771;11-Jun-2010
103360;Franklin India Small Cap Fund-Growth;INF090I01569;;13.2595;12.7291;13.2595;11-Jun-2010

ICICI Prudential Mutual Fund
106823;ICICI Prudential Smallcap Fund - Growth;INF109K01BI0;;9.43;9.34;9.43;11-Jun-2010
106822;ICICI Prudential Smallcap Fund - IDCW;INF109K01FA8;INF109K01BJ8;9.43;9.34;9.43;11-Jun-2010
106821;ICICI Prudential Smallcap Fund - Institutional Growth;INF109K01BK6;;9.43;9.34;9.43;11-Jun-2010

Kotak Mahindra Mutual Fund
102875;Kotak-Small Cap Fund - Growth;INF174K01211;;23.412;23.178;23.412;11-Jun-2010
102874;Kotak-Small Cap Fund - Payout of Income Distribution cum capital withdrawal option;INF174K01237;INF174K01229;16.285;16.122;16.285;11-Jun-2010

quant Mutual Fund
100177;quant Small Cap Fund - Growth - Regular Plan;INF966L01AA0;;25.0263;25.0263;25.0263;11-Jun-2010
100176;quant Small Cap Fund - IDCW Option - Regular Plan;INF206A01022;INF966L01044;22.3888;22.3888;22.3888;11-Jun-2010

Sundaram Mutual Fund
112064;Sundaram Small Cap Fund Institutional Plan - Growth;INF903J01504;;31.5299;31.5299;31.5299;11-Jun-2010
112207;Sundaram Small Cap Fund Institutional Plan - Income Distribution cum Capital Withdrawal (IDCW);INF903J01488;INF903J01496;12.2616;12.2616;12.2616;11-Jun-2010
100795;Sundaram Small Cap Fund Regular Plan - Growth;INF903J01470;;31.3618;31.3618;31.3618;11-Jun-2010
100794;Sundaram Small Cap Fund Regular Plan - Income Distribution cum Capital Withdrawal (IDCW);INF903J01454;INF903J01462;12.1937;12.1937;12.1937;11-Jun-2010

Open Ended Schemes ( Equity Scheme - Dividend Yield Fund )


Aditya Birla Sun Life Mutual Fund
101738;Aditya Birla Sun Life Dividend Yield Fund - Growth - Regular Plan;INF209K01405;;76.42;75.66;76.42;11-Jun-2010
101737;Aditya Birla Sun Life Dividend Yield Fund -REGULAR - IDCW;INF209K01397;INF209K01CP1;14.34;14.20;14.34;11-Jun-2010

Franklin Templeton Mutual Fund
103679;Franklin India Dividend Yield Fund - IDCW;INF090I01932;INF090I01940;13.6927;13.5558;13.6927;11-Jun-2010
103678;Franklin India Dividend Yield Fund-Growth Plan;INF090I01957;;17.6317;17.4554;17.6317;11-Jun-2010

Principal Mutual Fund
102808;Principal Dividend Yield Fund- Half Yearly Income Distribution CUM Capital Withdrawal Plan;INF173K01AD9;INF173K01AE7;15.93;15.77;15.93;11-Jun-2010
102807;Principal Dividend Yield Fund-Growth Plan;INF173K01AC1;;21.58;21.36;21.58;11-Jun-2010

Tata Mutual Fund
102858;Tata Dividend Yield Fund  Regular Plan -( Div);INF277K01DD2;INF277K01337;21.0871;20.8762;21.0871;11-Jun-2010
102859;Tata Dividend Yield Fund Regular Plan;INF277K01345;;29.6200;29.3238;29.6200;11-Jun-2010

UTI Mutual Fund
103025;UTI Dividend Yield Fund - Regular Plan - IDCW;INF789F01448;INF789F01455;14.25;14.25;14.25;11-Jun-2010
103026;UTI-Dividend Yield Fund.-Growth;INF789F01463;;28.75;28.75;28.75;11-Jun-2010

Open Ended Schemes ( Equity Scheme - Value Fund )


Aditya Birla Sun Life Mutual Fund
108167;Aditya Birla Sun Life Value Fund - Growth Option;INF209K01LF3;;16.0251;16.0251;16.0251;11-Jun-2010
108166;Aditya Birla Sun Life Value Fund - Regular - IDCW;INF209K01LE6;INF209K01LG1;15.0151;15.0151;15.0151;11-Jun-2010

Bandhan Mutual Fund
108909;Bandhan Value Fund - Regular Plan - Growth;INF194K01342;;16.7675;16.7675;16.7675;11-Jun-2010
108908;Bandhan Value Fund - Regular Plan - IDCW;INF194K01359;INF194K01367;13.8357;13.8357;13.8357;11-Jun-2010

Franklin Templeton Mutual Fund
100496;Templeton India Value Fund - Growth Plan;INF090I01296;;109.8284;108.7301;109.8284;11-Jun-2010
100497;Templeton India Value Fund - IDCW ;INF090I01270;INF090I01288;51.6660;51.1493;51.6660;11-Jun-2010

HDFC Mutual Fund
101764;HDFC Value Fund - Growth Plan;INF179K01426;;100.211;99.209;100.211;11-Jun-2010
101765;HDFC Value Fund - IDCW Plan;INF179K01400;INF179K01418;24.275;24.032;24.275;11-Jun-2010

ICICI Prudential Mutual Fund
102596;ICICI Prudential Value Discovery Fund - Institutional Option - I - Growth;INF109K01AE1;;19.73;19.53;19.73;11-Jun-2010
102594;ICICI Prudential Value Fund (erstwhile Value Discovery Fund) - Growth;INF109K01AF8;;44.53;44.08;44.53;11-Jun-2010
102595;ICICI Prudential Value Fund (erstwhile Value Discovery Fund) - IDCW;INF109K01EC7;INF109K01AD3;20.28;20.08;20.28;11-Jun-2010

JM Financial Mutual Fund
100254;JM Value Fund (Regular) - Growth Option;INF137A01037;;17.0732;17.0732;17.0732;11-Jun-2010
106168;JM Value Fund (Regular) - IDCW;INF137A01011;INF137A01029;11.9206;11.9206;11.9206;11-Jun-2010

Nippon India Mutual Fund
103086;NIPPON INDIA VALUE FUND - IDCW Option;INF204K01GC1;INF204K01GD9;22.1631;21.9415;22.1631;11-Jun-2010
103085;Nippon India Value Fund- Growth Plan;INF204K01GB3;;28.4343;28.1500;28.4343;11-Jun-2010

Quantum Mutual Fund
103490;Quantum Value Fund - Direct Plan Growth Option;INF082J01036;;19.4200;18.6400;19.4200;11-Jun-2010
103491;Quantum Value Fund - Direct Plan IDCW;INF082J01044;INF082J01051;19.5900;18.8100;19.5900;11-Jun-2010

Tata Mutual Fund
112218;Tata Equity P/E Fund - Regular Plan - Payout of IDCW-Option A(5%);INF277K01DI1;INF277K01436;38.6474;38.2609;38.6474;11-Jun-2010
101672;Tata Equity P/E Fund - Regular Plan -Growth Option;INF277K01451;;44.0988;43.6578;44.0988;11-Jun-2010
102428;Tata Equity P/E Fund Regular Plan - Payout of IDCW-Option B(10%);INF277K01DJ9;INF277K01444;39.0793;38.6885;39.0793;11-Jun-2010

UTI Mutual Fund
103098;UTI Value Fund - Regular Plan - Growth Option;INF789F01AG5;;23.64;23.64;23.64;11-Jun-2010
103097;UTI Value Fund - Regular Plan - IDCW;INF789F01AE0;INF789F01AF7;12.63;12.63;12.63;11-Jun-2010

Open Ended Schemes ( Equity Scheme - Contra Fund )


Invesco Mutual Fund
105460;Invesco India Contra Fund - Growth;INF205K01189;;15.26;15.11;15.26;11-Jun-2010
105459;Invesco India Contra Fund - IDCW (Payout / Reinvestment);INF205K01205;INF205K01197;11.80;11.68;11.80;11-Jun-2010

Kotak Mahindra Mutual Fund
103040;Kotak Contra Fund - Regular Plan - Growth;INF174K01245;;20.367;20.163;20.367;11-Jun-2010
103039;Kotak Contra Fund - Regular Plan - IDCW - Payout & Re-investment of Income Distribution cum capital withdrawal option;INF174K01260;INF174K01252;17.83;17.652;17.83;11-Jun-2010

SBI Mutual Fund
100915;SBI Contra Fund - Regular Plan - Income Distribution cum Capital Withdrawal Option (IDCW);INF200K01347;INF200K01354;25.01;24.76;25.01;11-Jun-2010
102414;SBI CONTRA FUND - REGULAR PLAN -GROWTH;INF200K01362;;54.51;53.96;54.51;11-Jun-2010

Open Ended Schemes ( Equity Scheme - Focused Fund )


Aditya Birla Sun Life Mutual Fund
103309;Aditya Birla Sun Life Focused Fund -Growth Option;INF209K01462;;20.3767;20.2748;20.3767;11-Jun-2010
103308;Aditya Birla Sun Life Focused Fund -Regular - IDCW;INF209K01454;INF209K01CS5;14.1472;14.0765;14.1472;11-Jun-2010

Bandhan Mutual Fund
108592;Bandhan Focused Fund - Regular Plan - Growth;INF194K01466;;18.1279;18.1279;18.1279;11-Jun-2010
108593;Bandhan Focused Fund - Regular Plan - IDCW;INF194K01474;INF194K01482;14.9849;14.9849;14.9849;11-Jun-2010

Franklin Templeton Mutual Fund
105817;Franklin India Focused Equity Fund - Growth Plan;INF090I01981;;11.6711;11.5544;11.6711;11-Jun-2010
105816;Franklin India Focused Equity Fund - IDCW ;INF090I01965;INF090I01973;11.6711;11.5544;11.6711;11-Jun-2010

HDFC Mutual Fund
102760;HDFC Focused Fund - GROWTH PLAN;INF179K01574;;35.986;35.626;35.986;11-Jun-2010
102761;HDFC Focused Fund - IDCW PLAN;INF179K01558;INF179K01566;20.458;20.253;20.458;11-Jun-2010

ICICI Prudential Mutual Fund
111957;ICICI Prudential Focused Equity Fund - Growth;INF109K01BZ4;;12.49;12.37;12.49;11-Jun-2010
111958;ICICI Prudential Focused Equity Fund - IDCW;INF109K01FM3;INF109K01CA5;12.49;12.37;12.49;11-Jun-2010

Nippon India Mutual Fund
104638;NIPPON INDIA FOCUSED  FUND - IDCW OPTION;INF204K01GF4;INF204K01GG2;14.4684;14.3237;14.4684;11-Jun-2010
104637;Nippon India Focused Fund -Growth Plan -Growth Option;INF204K01GE7;;14.4684;14.3237;14.4684;11-Jun-2010

Principal Mutual Fund
103335;Principal Focused Multicap Fund-Growth Option;INF173K01189;;26.69;26.42;26.69;11-Jun-2010
103334;Principal Focused Multicap Fund-Half Yearly Income Distribution CUM Capital Withdrawal Option;INF173K01197;INF173K01205;19.76;19.56;19.76;11-Jun-2010

quant Mutual Fund
109275;quant Focused Fund - Growth Option - Regular Plan;INF966L01374;;10.6569;10.6569;10.6569;11-Jun-2010
109274;quant Focused Fund - IDCW Option - Regular Plan;INF966L01358;INF966L01366;10.6569;10.6569;10.6569;11-Jun-2010

SBI Mutual Fund
102765;SBI Focused Fund - Regular Plan - Income Distribution cum Capital Withdrawal Option (IDCW);INF200K01388;INF200K01396;15.64;15.48;15.64;11-Jun-2010
102756;SBI FOCUSED FUND - REGULAR PLAN -GROWTH;INF200K01370;;35.28;34.93;35.28;11-Jun-2010

Sundaram Mutual Fund
108305;Sundaram Select Focus Institutional Plan - Growth;INF903J01140;;82.3458;82.3458;82.3458;11-Jun-2010
101537;Sundaram Select Focus Regular Plan - Growth;INF903J01116;;81.9488;81.9488;81.9488;11-Jun-2010
101536;Sundaram Select Focus Regular Plan - Income Distribution cum Capital Withdrawal (IDCW);INF903J01124;INF903J01132;10.6158;10.6158;10.6158;11-Jun-2010

Open Ended Schemes ( Equity Scheme - Sectoral/ Thematic )


Aditya Birla Sun Life Mutual Fund
111349;Aditya Birla Sun Life Commodity Equities Fund - Global Agri Plan - Growth - Regular Plan;INF209K01207;;13.0423;12.6510;13.0423;11-Jun-2010
111348;Aditya Birla Sun Life Commodity Equities Fund - Global Agri Plan -Regular - IDCW;INF209K01199;INF209K01CG0;13.0423;12.6510;13.0423;11-Jun-2010
103168;Aditya Birla Sun Life Digital India Fund - Growth - Regular Plan;INF209K01140;;18.49;18.31;18.49;11-Jun-2010
103167;Aditya Birla Sun Life Digital India Fund -Regular - IDCW;INF209K01132;INF209K01CD7;12.84;12.71;12.84;11-Jun-2010
103110;Aditya Birla Sun Life India Gennext Fund -Regular - IDCW;INF209K01439;INF209K01CR7;13.86;13.72;13.86;11-Jun-2010
103111;Aditya Birla Sun Life India Gennext Fund-Growth Option;INF209K01447;;21.32;21.11;21.32;11-Jun-2010
103475;Aditya Birla Sun Life Infrastructure Fund -  Regular - IDCW;INF209K01470;INF209K01CT3;12.84;12.71;12.84;11-Jun-2010
103476;Aditya Birla Sun Life Infrastructure Fund-Growth;INF209K01504;;16.52;16.35;16.52;11-Jun-2010
111956;Aditya Birla Sun Life Infrastructure Fund-Plan B (Dividend);;INF209K01CU1;11.86;11.74;11.86;11-Jun-2010
111955;Aditya Birla Sun Life Infrastructure Fund-Plan B (Growth);;;12.35;12.23;12.35;11-Jun-2010
106873;Aditya Birla Sun Life International Equity Fund - Growth - Regular Plan;INF209K01520;;8.1182;8.0370;8.1182;11-Jun-2010
106872;Aditya Birla Sun Life International Equity Fund - Regular - IDCW;INF209K01512;INF209K01CV9;8.1182;8.0370;8.1182;11-Jun-2010
106876;Aditya Birla Sun Life International Equity Fund - Plan B - Growth - Regular Plan;INF209K01546;;8.6178;8.5316;8.6178;11-Jun-2010
106875;Aditya Birla Sun Life International Equity Fund - Plan B - Regular - IDCW;INF209K01538;INF209K01CW7;8.6178;8.5316;8.6178;11-Jun-2010
100064;Aditya Birla Sun Life MNC Fund - Growth - Regular Plan;INF209K01322;;188.67;186.78;188.67;11-Jun-2010
100063;Aditya Birla Sun Life MNC Fund - Regular - IDCW;INF209K01314;INF209K01CL0;81.19;80.38;81.19;11-Jun-2010

Bank of India Mutual Fund
112359;BANK OF INDIA Manufacturing & Infrastructure Fund-Growth;INF761K01199;;9.87;9.77;9.87;11-Jun-2010
112360;BANK OF INDIA Manufacturing & Infrastructure Fund-Quarterly IDCW;INF761K01231;INF761K01223;9.87;9.77;9.87;11-Jun-2010
112361;BANK OF INDIA Manufacturing & Infrastructure Fund-Regular IDCW;INF761K01215;INF761K01207;9.87;9.77;9.87;11-Jun-2010

Canara Robeco Mutual Fund
112151;Canara Robeco Consumer Trends Fund - Institutional Plan - Dividend Option;INF760K01191;INF760K01209;12.0200;12.0200;12.0200;11-Jun-2010
112150;Canara Robeco Consumer Trends Fund - Institutional Plan - Growth Option;INF760K01217;;12.0200;12.0200;12.0200;11-Jun-2010
112152;CANARA ROBECO CONSUMER TRENDS FUND - REGULAR PLAN - GROWTH OPTION;INF760K01241;;12.0000;12.0000;12.0000;11-Jun-2010
112153;CANARA ROBECO CONSUMER TRENDS FUND - REGULAR PLAN - IDCW (Payout/Reinvestment);INF760K01225;INF760K01233;12.0100;12.0100;12.0100;11-Jun-2010
103390;CANARA ROBECO INFRASTRUCTURE FUND - REGULAR PLAN - GROWTH OPTION;INF760K01274;;21.5900;21.5900;21.5900;11-Jun-2010
103389;CANARA ROBECO INFRASTRUCTURE FUND - REGULAR PLAN - IDCW (Payout/Reinvestment);INF760K01258;INF760K01266;17.2000;17.2000;17.2000;11-Jun-2010

DSP Mutual Fund
102434;DSP India T.I.G.E.R. Fund - Regular Plan - Growth;INF740K01151;;45.277;44.824;45.277;11-Jun-2010
102435;DSP India T.I.G.E.R. Fund - Regular Plan - IDCW;INF740K01136;INF740K01144;18.461;18.276;18.461;11-Jun-2010
108202;DSP Natural Resources And New Energy Fund - Regular - Growth;INF740K01060;;12.834;12.706;12.834;11-Jun-2010
108203;DSP Natural Resources And New Energy Fund - Regular Plan - IDCW;INF740K01045;INF740K01052;12.834;12.706;12.834;11-Jun-2010

Franklin Templeton Mutual Fund
106979;Franklin Asian Equity Fund - Growth Plan;INF090I01AB3;;9.7913;9.6934;9.7913;11-Jun-2010
106978;Franklin Asian Equity Fund - IDCW ;INF090I01999;INF090I01AA5;9.7913;9.6934;9.7913;11-Jun-2010
112093;Franklin Build India Fund - IDCW ;INF090I01AC1;INF090I01AD9;11.6434;11.5270;11.6434;11-Jun-2010
112092;Franklin Build India Fund Growth Plan;INF090I01AE7;;11.6434;11.5270;11.6434;11-Jun-2010
103151;Franklin India Opportunities Fund - Growth;INF090I01841;;28.7720;28.4843;28.7720;11-Jun-2010
100524;Franklin INDIA OPPORTUNITIES FUND - IDCW ;INF090I01858;INF090I01866;13.8248;13.6866;13.8248;11-Jun-2010
100521;Franklin India Technology Fund - IDCW ;INF090I01759;INF090I01767;18.5492;18.3637;18.5492;11-Jun-2010
100522;Franklin India Technology Fund-Growth;INF090I01742;;54.5055;53.9604;54.5055;11-Jun-2010

HDFC Mutual Fund
107524;HDFC Infrastructure Fund - Growth Plan;INF179K01GF8;;11.442;0;0;11-Jun-2010
107525;HDFC Infrastructure Fund - IDCW Plan;INF179K01GE1;INF179K01GG6;11.442;0;0;11-Jun-2010

ICICI Prudential Mutual Fund
109445;ICICI Prudential Banking and Financial Services Fund -  Growth;INF109K01BU5;;15.79;15.63;15.79;11-Jun-2010
109446;ICICI Prudential Banking and Financial Services Fund -  IDCW;INF109K01DY3;INF109K01BV3;15.79;15.63;15.79;11-Jun-2010
103312;ICICI Prudential Exports & Services Fund - Growth;INF109K01BB5;;16.04;15.88;16.04;11-Jun-2010
103313;ICICI Prudential Exports & Services Fund - IDCW;INF109K01FL5;INF109K01BA7;12.06;11.94;12.06;11-Jun-2010
100352;ICICI Prudential FMCG Fund - Growth;INF109K01415;;56.05;55.49;56.05;11-Jun-2010
100351;ICICI Prudential FMCG Fund - IDCW;INF109K01EO2;INF109K01423;32.05;31.73;32.05;11-Jun-2010
103149;ICICI Prudential Infrastructure Fund - Growth;INF109K01AV5;;28.15;27.87;28.15;11-Jun-2010
103150;ICICI Prudential Infrastructure Fund - IDCW;INF109K01FB6;INF109K01AT9;11.81;11.69;11.81;11-Jun-2010
105602;ICICI Prudential Infrastructure Fund - Institutional Option - I - Growth;INF109K01AU7;;15.19;15.04;15.19;11-Jun-2010
100363;ICICI Prudential Technology Fund - Growth;INF109K01506;;14.57;14.42;14.57;11-Jun-2010

Invesco Mutual Fund
108377;Invesco India Financial Services Fund - Regular Plan -  IDCW (Payout / Reinvestment);INF205K01171;INF205K01163;13.57;13.43;13.57;11-Jun-2010
108378;Invesco India Financial Services Fund - Retail Growth;INF205K01155;;17.50;17.33;17.50;11-Jun-2010
106654;Invesco India Infrastructure Fund - Growth Option;INF205K01CD5;;8.11;0.00;0.00;11-Jun-2010
106653;Invesco India Infrastructure Fund - IDCW (Payout / Reinvestment);INF205K01CE3;INF205K01CF0;8.11;0.00;0.00;11-Jun-2010
112171;Invesco India PSU Equity Fund - Growth;INF205K01338;;10.48;10.38;10.48;11-Jun-2010
112173;Invesco India PSU Equity Fund - IDCW (Payout / Reinvestment);INF205K01353;INF205K01346;10.48;10.38;10.48;11-Jun-2010

L&T Mutual Fund
112600;L&T Infrastructure Fund - Regular Plan - Growth;INF917K01536;;7.37;0.00;0.00;11-Jun-2010
112601;L&T Infrastructure Fund - Regular Plan - IDCW;INF917K01544;INF917K01551;7.37;0.00;0.00;11-Jun-2010

LIC Mutual Fund
107763;LIC MF Infrastructure Fund-Regular Plan-Growth;INF767K01501;;9.0334;0.0000;0.0000;11-Jun-2010
107764;LIC MF Infrastructure Fund-Regular Plan-IDCW;INF767K01485;INF767K01493;9.0334;0.0000;0.0000;11-Jun-2010

Nippon India Mutual Fund
101864;Nippon India Banking & Financial Services Fund - IDCW Option;INF204K01893;INF204K01901;34.3401;33.9967;34.3401;11-Jun-2010
101863;Nippon India Banking & Financial Services Fund-Growth Plan-Bonus Option;INF204K01919;;86.0589;85.1983;86.0589;11-Jun-2010
101862;Nippon India Banking & Financial Services Fund-Growth Plan-Growth Option;INF204K01927;;86.0604;85.1998;86.0604;11-Jun-2010
110254;Reliance Banking & Financial Services Fund - Institutional Plan - Dividend Option;INF204K01869;INF204K01877;83.4171;82.5829;83.4171;11-Jun-2010
102753;NIPPON INDIA CONSUMPTION FUND - IDCW Option;INF204K01AN1;INF204K01AO9;19.7826;19.5848;19.7826;11-Jun-2010
102752;Nippon India Consumption Fund-Growth Plan-Bonus Option;INF204K01AP6;;27.5147;27.2396;27.5147;11-Jun-2010
102751;Nippon India Consumption Fund-Growth Plan-Growth Option;INF204K01AQ4;;27.5148;27.2397;27.5148;11-Jun-2010
102433;NIPPON INDIA PHARMA FUND - IDCW Option;INF204K01935;INF204K01943;37.9381;37.5587;37.9381;11-Jun-2010
102432;Nippon India Pharma Fund-Growth Plan-Bonus Option;INF204K01950;;50.8640;50.3554;50.8640;11-Jun-2010
102431;Nippon India Pharma Fund-Growth Plan-Growth Option;INF204K01968;;50.8640;50.3554;50.8640;11-Jun-2010
101264;NIPPON INDIA POWER & INFRA FUND - IDCW Option;INF204K01AB6;INF204K01AC4;46.4736;46.0089;46.4736;11-Jun-2010
101262;Nippon India Power & Infra Fund-Growth Plan -Growth Option;INF204K01AE0;;78.7322;77.9449;78.7322;11-Jun-2010
101263;Nippon India Power & Infra Fund-Growth Plan-Bonus Option;INF204K01AD2;;78.7323;77.9450;78.7323;11-Jun-2010
107592;Reliance Diversified Power Sector Fund Institutional Plan -Dividend Option;INF204K01976;INF204K01984;74.5861;73.8402;74.5861;11-Jun-2010
107590;Reliance Diversified Power Sector Fund Institutional Plan Growth Plan Growth Option;INF204K01AA8;;77.0718;76.3011;77.0718;11-Jun-2010
108252;NIPPON INDIA QUANT FUND - IDCW Option;INF204K01745;INF204K01752;11.7127;11.5956;11.7127;11-Jun-2010
108249;Nippon India Quant Fund -Growth Plan - Growth Option;INF204K01760;;11.7127;11.5956;11.7127;11-Jun-2010
108258;Nippon India Quant Fund -Growth Plan -Bonus Option;INF204K01737;;11.7129;11.5958;11.7129;11-Jun-2010

quant Mutual Fund
106170;quant Infrastructure Fund - Growth Option;INF966L01523;;8.4014;8.1282;8.4014;11-Jun-2010
106169;quant Infrastructure Fund - IDCW Option - Regular Plan;INF966L01507;INF966L01515;8.4058;8.1326;8.4058;11-Jun-2010

SBI Mutual Fund
103145;SBI COMMA Fund - REGULAR PLAN - Growth;INF200K01339;;22.84;22.61;22.84;11-Jun-2010
103146;SBI Comma Fund - Regular Plan - Income Distribution cum Capital Withdrawal Option (IDCW);INF200K01313;INF200K01321;15.43;15.28;15.43;11-Jun-2010
100645;SBI Consumption Opportunities Fund - Regular Plan - Income Distribution cum Capital Withdrawal Option (IDCW);INF200K01404;INF200K01412;24.82;24.57;24.82;11-Jun-2010
104523;SBI ESG Exclusionary Strategy Fund - Regular Plan - Growth;INF200K01214;;40.25;39.85;40.25;11-Jun-2010
101295;SBI ESG Exclusionary Strategy Fund - Regular Plan - Income Distribution cum Capital Withdrawal Option (IDCW);INF200K01198;INF200K01206;30.37;30.07;30.37;11-Jun-2010
100644;SBI Healthcare Opportunities Fund - Regular Plan - Income Distribution cum Capital Withdrawal Option (IDCW);INF200K01453;INF200K01461;33.74;33.4;33.74;11-Jun-2010
102823;SBI HEALTHCARE OPPORTUNITIES FUND - REGULAR PLAN -GROWTH;INF200K01446;;40.82;40.41;40.82;11-Jun-2010
106096;SBI INFRASTRUCTURE FUND -  REGULAR PLAN - GROWTH;INF200K01CT2;;9.85;N.A.;N.A.;11-Jun-2010
106095;SBI Infrastructure Fund - Regular Plan - Income Distribution cum Capital Withdrawal Option (IDCW);INF200K01CU0;INF200K01CV8;9.86;N.A.;N.A.;11-Jun-2010
103114;SBI Magnum Global Fund - Regular Plan - Income Distribution cum Capital Withdrawal Option (IDCW);INF200K01255;INF200K01263;28.5;28.22;28.5;11-Jun-2010
103034;SBI MNC FUND - REGULAR PLAN -GROWTH;INF200K01271;;50.99;50.48;50.99;11-Jun-2010
100643;SBI Technology Opportunities Fund - Regular Plan - Income Distribution cum Capital Withdrawal Option (IDCW);INF200K01420;INF200K01438;20.25;20.05;20.25;11-Jun-2010

Sundaram Mutual Fund
112295;Sundaram PSU Opportunities Dividend Option;INF903J01892;INF903J01900;10.0261;10.0261;10.0261;11-Jun-2010
112294;Sundaram PSU Opportunities Growth Option;INF903J01884;;10.0247;10.0247;10.0247;11-Jun-2010
103743;Sundaram Consumption Fund (Formerly Known as Sundaram Rural and Consumption Fund Regular Plan - Income Distribution cum Capital Withdrawal (IDCW);INF903J01546;INF903J01553;12.3700;12.3700;12.3700;11-Jun-2010
102142;Sundaram Consumption Fund(Formerly Known as Sundaram Rural and Consumption Fund Regular Plan - Growth);INF903J01561;;13.5819;13.5819;13.5819;11-Jun-2010
109061;Sundaram Financial Services Opportunities Fund Institutional Plan - Growth;INF903J01652;;0.0000;0.0000;0.0000;11-Jun-2010
109060;Sundaram Financial Services Opportunities Fund Institutional Plan - Income Distribution cum Capital Withdrawal (IDCW);INF903J01637;INF903J01645;0.0000;0.0000;0.0000;11-Jun-2010
109059;Sundaram Financial Services Opportunities Fund Regular Plan - Growth;INF903J01629;;17.1029;17.1029;17.4877;11-Jun-2010
109058;Sundaram Financial Services Opportunities Fund Regular Plan - Income Distribution cum Capital Withdrawal (IDCW);INF903J01603;INF903J01611;13.5956;13.5956;13.9015;11-Jun-2010

Tata Mutual Fund
101833;Tata Ethical Fund- Regular Plan - Payout of IDCW Option;INF277K01EH1;INF277K01949;42.9564;42.5268;42.9564;11-Jun-2010
100415;Tata Ethical Fund-Regular Plan - Growth Option;INF277K01956;;59.8800;59.2812;59.8800;11-Jun-2010
101852;TATA Infrastructure Fund Regular Plan - Payout of IDCW Option;INF277K01DY8;INF277K01774;21.4883;21.2734;21.4883;11-Jun-2010
101766;Tata Infrastructure Fund-Regular Plan- Growth Option;INF277K01782;;32.6335;32.3072;32.6335;11-Jun-2010

Taurus Mutual Fund
111903;Taurus Ethical Fund -  Regular Plan - Bonus Option;INF044D01823;;22.00;21.78;22.00;11-Jun-2010
111787;Taurus Ethical Fund - Regular Plan - Growth;INF044D01864;;22.01;21.79;22.01;11-Jun-2010
111788;Taurus Ethical Fund - Regular Plan - Payout of Income Distribution cum Capital Withdrawal option;INF044D01831;INF044D01849;16.50;16.34;16.50;11-Jun-2010
105417;Taurus Infrastructure Fund - Regular Plan - Growth;INF044D01906;;14.01;13.87;14.01;11-Jun-2010
105418;Taurus Infrastructure Fund - Regular Plan - Payout of Income Distribution cum Capital Withdrawal option;INF044D01872;INF044D01880;14.05;13.91;14.05;11-Jun-2010

UTI Mutual Fund
102401;UTI Banking and Financial Services Fund - Regular Plan - Growth Option;INF789F01372;;36.7;36.7;36.7;11-Jun-2010
102402;UTI Banking and Financial Services Fund - Regular Plan - IDCW;INF789F01356;INF789F01364;22.3;22.3;22.3;11-Jun-2010
100805;UTI Energy Fund-Growth Option;INF789F01497;;10.99;10.99;10.99;11-Jun-2010
100804;UTI Energy Fund-Income Option;INF789F01471;INF789F01489;12.44;12.44;12.44;11-Jun-2010
100807;UTI Healthcare Fund - Regular Plan - Growth Option;INF789F01695;;36.07;36.07;36.07;11-Jun-2010
100806;UTI Healthcare Fund - Regular Plan - IDCW;INF789F01679;INF789F01687;29.43;29.43;29.43;11-Jun-2010
100809;UTI Services Industries Fund-Growth Option;INF789F01729;;54.64;54.64;54.64;11-Jun-2010
100808;UTI Services Industries Fund-Income Option;INF789F01703;INF789F01711;23.49;23.49;23.49;11-Jun-2010
106425;UTI India Consumer Fund - Regular Plan - Growth Option;INF789F01CE6;;10.43;0;0;11-Jun-2010
106426;UTI India Consumer Fund - Regular Plan - IDCW;INF789F01CF3;INF789F01CG1;10.43;0;0;11-Jun-2010
102396;UTI Infrastructure Fund - Regular Plan - IDCW;INF789F01737;INF789F01745;19.4;19.4;19.4;11-Jun-2010
102395;UTI Infrastructure Fund-Growth Option;INF789F01752;;34.06;34.06;34.06;11-Jun-2010
100740;UTI - MNC Fund - Regular Plan - Growth Option;INF789F01844;;52.31;52.31;52.31;11-Jun-2010
100739;UTI MNC Fund - Regular Plan - IDCW;INF789F01828;INF789F01836;35.16;35.16;35.16;11-Jun-2010
102397;UTI Transportation and Logistics Fund - Regular Plan - IDCW;INF789F01273;INF789F01281;15.18;15.18;15.18;11-Jun-2010
102398;UTI-Transportation and Logistics  Fund-Growth Option;INF789F01299;;24.85;24.85;24.85;11-Jun-2010

Open Ended Schemes ( Equity Scheme - ELSS )


Aditya Birla Sun Life Mutual Fund
107745;Aditya Birla Sun Life ELSS Tax Saver Fund - Growth Option;INF209K01108;;10.92;10.92;10.92;11-Jun-2010
103164;Aditya Birla Sun Life ELSS Tax Saver Fund-Regular - IDCW;INF209K01090;INF209K01CB1;80.95;80.95;80.95;11-Jun-2010
104331;Aditya Birla Sun Life Tax Plan - Regular Plan - Growth Option;INF209K01348;;12.52;12.52;12.52;11-Jun-2010
100067;Aditya Birla Sun Life Tax Plan -Regular - IDCW;INF209K01330;INF209K01CM8;43.94;43.94;43.94;11-Jun-2010

Axis Mutual Fund
112323;Axis ELSS Tax Saver Fund - Regular Plan - Growth;INF846K01131;;10.9638;10.9638;10.9638;11-Jun-2010
112322;Axis ELSS Tax Saver Fund - Regular Plan - IDCW;INF846K01149;INF846K01156;10.9595;10.9595;10.9595;11-Jun-2010

Bandhan Mutual Fund
111569;BANDHAN ELSS Tax Saver Fund - Regular Plan - Growth;INF194K01292;;17.8262;17.8262;17.8262;11-Jun-2010
111570;BANDHAN ELSS Tax Saver Fund - Regular Plan - IDCW;INF194K01300;INF194K01318;14.2764;14.2764;14.2764;11-Jun-2010

Bank of India Mutual Fund
111709;BANK OF INDIA ELSS Tax Saver -ECO Plan-Growth;INF761K01157;;21.77;21.77;21.77;11-Jun-2010
111711;BANK OF INDIA ELSS Tax Saver -ECO Plan-IDCW;INF761K01132;INF761K01140;11.85;11.85;11.85;11-Jun-2010
111710;BANK OF INDIA ELSS Tax Saver -Regular Plan- Growth;INF761K01181;;21.71;21.71;21.71;11-Jun-2010
111708;BANK OF INDIA ELSS Tax Saver -Regular Plan-IDCW;INF761K01165;INF761K01173;11.84;11.84;11.84;11-Jun-2010

Baroda BNP Paribas Mutual Fund
100068;BARODA ELSS 96 - Plan A - IDCW;INF955L01641;;23.90;23.90;23.90;11-Jun-2010

Canara Robeco Mutual Fund
111722;CANARA ROBECO ELSS TAX SAVER - REGULAR PLAN - GROWTH OPTION;INF760K01100;;24.0300;24.0300;24.0300;11-Jun-2010
100593;CANARA ROBECO ELSS TAX SAVER - REGULAR PLAN -IDCW (Payout);INF760K01084;INF760K01092;19.7900;19.7900;19.7900;11-Jun-2010

DSP Mutual Fund
104772;DSP ELSS Tax Saver Fund - Regular Plan - Growth;INF740K01185;;16.027;16.027;16.027;11-Jun-2010
104773;DSP ELSS Tax Saver Fund - Regular Plan - IDCW;INF740K01169;INF740K01177;11.934;11.934;11.934;11-Jun-2010

Edelweiss Mutual Fund
111638;Edelweiss ELSS Tax Saver Fund - Regular Plan - Growth Option;INF754K01517;;17.80;17.80;17.80;11-Jun-2010
111639;Edelweiss ELSS Tax Saver Fund - Regular Plan - IDCW Option;INF754K01525;INF754K01541;17.80;17.80;17.80;11-Jun-2010

Franklin Templeton Mutual Fund
100525;Franklin India ELSS Tax Saver Fund - IDCW;INF090I01783;INF090I01791;30.4681;30.4681;30.4681;11-Jun-2010
100526;Franklin India ELSS Tax Saver Fund-Growth;INF090I01775;;185.3408;185.3408;185.3408;11-Jun-2010

HDFC Mutual Fund
101979;HDFC ELSS Tax saver - Growth Plan;INF179K01BB8;;210.398;210.398;210.398;11-Jun-2010
101980;HDFC ELSS Tax saver - IDCW Plan;INF179K01AZ9;INF179K01BA0;59.108;59.108;59.108;11-Jun-2010
100998;HDFC Long Term Advantage Plan - Growth Plan;INF179K01996;;121.701;121.701;121.701;11-Jun-2010
100997;HDFC Long Term Advantage Plan - IDCW Plan;INF179K01970;INF179K01988;35.625;35.625;35.625;11-Jun-2010

HSBC Mutual Fund
104707;HSBC Tax Saver Equity Fund - Growth;INF336L01BA4;;13.6725;13.6725;13.6725;11-Jun-2010
104706;HSBC Tax Saver Equity Fund - IDCW;INF336L01AZ3;;12.6102;12.6102;12.6102;11-Jun-2010

ICICI Prudential Mutual Fund
100354;ICICI Prudential ELSS Tax Saver Fund - Growth;INF109K01464;;127.23;127.23;127.23;11-Jun-2010
100353;ICICI Prudential ELSS Tax Saver Fund - IDCW;INF109K01FN1;INF109K01472;18.97;18.97;18.97;11-Jun-2010

Invesco Mutual Fund
104636;Invesco India ELSS Tax Saver Fund - Growth;INF205K01270;;16.11;16.11;16.11;11-Jun-2010
104635;Invesco India ELSS Tax Saver Fund - IDCW (Payout / Reinvestment);INF205K01296;INF205K01288;13.34;13.34;13.34;11-Jun-2010

JM Financial Mutual Fund
107288;JM ELSS Tax Saver Fund (Regular) - Growth option;INF192K01650;;7.1807;0.0000;7.1807;11-Jun-2010
107287;JM ELSS Tax Saver Fund (Regular) - IDCW;INF192K01643;;7.1807;0.0000;7.1807;11-Jun-2010

Kotak Mahindra Mutual Fund
103339;Kotak ELSS Tax Saver Fund-Growth;INF174K01369;;17.137;17.137;17.137;11-Jun-2010
103338;Kotak ELSS Tax Saver Fund-Payout of Income Distribution cum capital withdrawal option;INF174K01385;INF174K01377;10.494;10.494;10.494;11-Jun-2010

LIC Mutual Fund
100865;LIC MF ELSS Tax Saver-Regular Plan-Growth;INF767K01956;;26.9158;26.9158;26.9158;11-Jun-2010
100864;LIC MF ELSS Tax Saver-Regular Plan-IDCW;INF767K01931;INF767K01949;9.6369;9.6369;9.6369;11-Jun-2010
100325;LIC MF ULIS (5 Yrs. Single Premium)-Regular Plan-IDCW Reinvestment;;INF767K01964;9.5316;9.5316;9.5316;11-Jun-2010

Nippon India Mutual Fund
103197;NIPPON INDIA TAX SAVER (ELSS) FUND - IDCW Option;INF204K01GL2;INF204K01GM0;14.9218;14.9218;14.9218;11-Jun-2010
103196;Nippon India Tax Saver (ELSS) Fund-Growth Plan-Growth Option;INF204K01GK4;;19.1408;19.1408;19.1408;11-Jun-2010

Principal Mutual Fund
101815;Principal Personal Tax Saver Fund;INF173K01353;;90.45;90.45;90.45;11-Jun-2010
100156;Principal Tax Savings Fund;INF173K01361;;72.61;72.61;72.61;11-Jun-2010

quant Mutual Fund
100175;quant ELSS Tax Saver Fund - Growth Option - Regular Plan;INF966L01135;;47.1437;47.1437;48.2044;11-Jun-2010
100174;quant ELSS Tax Saver Fund - IDCW Option - Regular Plan;INF966L01119;;11.0596;11.0596;11.3084;11-Jun-2010

Quantum Mutual Fund
111549;Quantum ELSS Tax Saver Fund - Direct Plan Growth Option;INF082J01069;;19.4440;19.4440;19.4440;11-Jun-2010
111550;Quantum ELSS Tax Saver Fund - Direct Plan IDCW;INF082J01077;INF082J01085;19.4370;19.4370;19.4370;11-Jun-2010

SBI Mutual Fund
103883;SBI ELSS Tax Saver Fund - Regular Plan - Income Distribution cum Capital Withdrawal Option (IDCW);INF200K01479;;39.08;39.08;39.08;11-Jun-2010
105628;SBI ELSS Tax Saver FUND - REGULAR PLAN- GROWTH;INF200K01495;;57.33;57.33;57.33;11-Jun-2010

Sundaram Mutual Fund
101853;Sundaram Diversified Equity (ELSS) Regular Plan - Growth;INF903J01538;;40.6905;40.6905;40.6905;11-Jun-2010
100614;Sundaram Diversified Equity (ELSS) Regular Plan - Income Distribution cum Capital Withdrawal (IDCW);INF903J01512;INF903J01520;10.9074;10.9074;10.9074;11-Jun-2010

Tata Mutual Fund
100474;Tata ELSS Tax Saver Fund- Regular Plan - Payout of IDCW Option;INF277K01I60;;42.5818;42.5818;42.5818;11-Jun-2010

Taurus Mutual Fund
100480;Taurus ELSS Tax Saver Fund - Regular Plan - Growth;INF044D01AC9;;32.08;32.08;32.08;11-Jun-2010
108402;Taurus ELSS Tax Saver Fund - Regular Plan - Payout of Income Distribution cum Capital Withdrawal option;INF044D01997;;19.01;19.01;19.01;11-Jun-2010

UTI Mutual Fund
100821;UTI ELSS Tax Saver Fund - Regular Plan - Growth Option;INF789F01547;;36.42;36.42;36.42;11-Jun-2010
100820;UTI ELSS Tax Saver Fund - Regular Plan - IDCW;INF789F01521;INF789F01539;15.49;15.49;15.49;11-Jun-2010

Open Ended Schemes ( Debt Scheme - Overnight Fund )


HDFC Mutual Fund
101996;HDFC Overnight Fund - Growth Option;INF179KB1HS3;;15.3833;15.3833;15.3833;11-Jun-2010
101997;HDFC Overnight Fund - IDCW Option (Daily);;INF179KB1IF8;10.4266;10.4266;10.4266;11-Jun-2010

SBI Mutual Fund
101206;SBI OVERNIGHT FUND - REGULAR PLAN - GROWTH;INF200K01LQ9;;16.0038;16.0038;16.0038;11-Jun-2010
103140;SBI Overnight Fund - Regular Plan - Weekly Income Distribution cum Capital Withdrawal Option (IDCW);INF200K01LO4;INF200K01LP1;10.3203;10.3203;10.3203;11-Jun-2010

UTI Mutual Fund
100812;UTI - G-Sec Fund-GrowthN;INF789F01638;;21.824;21.824;21.824;11-Jun-2010
100811;UTI - G-Sec Fund-Income;INF789F01612;INF789F01620;10.6931;10.6931;10.6931;11-Jun-2010
100814;UTI - Overnight  Fund - Regular Plan - Growth Option;INF789F01604;;13.9167;13.9167;13.9167;11-Jun-2010
100813;UTI Overnight Fund - Regular Plan - Periodic IDCW;INF789F01588;INF789F01596;11.0718;11.0718;11.0718;11-Jun-2010

Open Ended Schemes ( Debt Scheme - Liquid Fund )


Aditya Birla Sun Life Mutual Fund
100049;Aditya Birla Sun Life Cash Plus-Institutional - Fortnightly Dividend;;;10.8210;10.8210;10.8210;11-Jun-2010
100052;Aditya Birla Sun Life Cash Plus-Institutional Premium - Fortnightly Dividend;;;10.0000;10.0000;10.0000;11-Jun-2010
100053;Aditya Birla Sun Life Cash Plus-Institutional Premium Plan-Monthly Dividend;;;10.0000;10.0000;10.0000;11-Jun-2010
100047;Aditya Birla Sun Life Liquid Fund - Growth;INF209K01RU9;;14.8630;14.8630;14.8630;11-Jun-2010
100046;Aditya Birla Sun Life Liquid Fund -Daily IDCW;INF209K01KQ2;INF209K01SQ5;10.0195;10.0195;10.0195;11-Jun-2010
100041;Aditya Birla Sun Life Liquid Fund -Institutional - IDCW;;INF209K01KN9;10.8023;10.8023;10.8023;11-Jun-2010
100048;Aditya Birla Sun Life Liquid Fund -Institutional - weekly  IDCW;INF209KA1LK7;INF209K01KY6;10.8068;10.8068;10.8068;11-Jun-2010
100044;Aditya Birla Sun Life Liquid Fund -Retail - IDCW;;INF209K01KP4;16.3694;16.3694;16.3694;11-Jun-2010
100051;Aditya Birla Sun Life Liquid Fund -weekly IDCW;INF209K01KU4;INF209KA1LJ9;10.0225;10.0225;10.0225;11-Jun-2010
112014;Aditya Birla Sun Life Liquid Fund- Discipline Advantage Plan;INF209K01KZ3;;10.3597;10.3597;10.3597;11-Jun-2010
100043;Aditya Birla Sun Life Liquid Fund-Institutional (Growth);INF209K01RT1;;25.0719;25.0719;25.0719;11-Jun-2010
100042;Aditya Birla Sun Life Liquid Fund-Retail (Growth);INF209K01ME4;;24.6707;24.6707;24.6707;11-Jun-2010

Axis Mutual Fund
112211;Axis Liquid Fund - Regular Plan - Daily IDCW;;INF846K01420;1000.0000;1000.0000;1000.0000;11-Jun-2010
112210;Axis Liquid Fund - Regular Plan - Growth Option;INF846K01412;;1028.6087;1028.6087;1028.6087;11-Jun-2010
112213;Axis Liquid Fund - Regular Plan - Monthly IDCW;INF846K01453;INF846K01461;1002.1716;1002.1716;1002.1716;11-Jun-2010
112212;Axis Liquid Fund - Regular Plan - Weekly IDCW;INF846K01438;INF846K01446;1002.5713;1002.5713;1002.5713;11-Jun-2010
112712;Axis Liquid Fund - Retail Plan - Daily IDCW;;INF846K01362;1000.0000;1000.0000;1000.0000;11-Jun-2010
112713;Axis Liquid Fund - Retail Plan - Growth Option;INF846K01354;;1012.1479;1012.1479;1012.1479;11-Jun-2010
112714;Axis Liquid Fund - Retail Plan - Monthly IDCW;INF846K01396;INF846K01404;1002.0768;1002.0768;1002.0768;11-Jun-2010
112715;Axis Liquid Fund - Retail Plan - Weekly IDCW;INF846K01370;INF846K01388;1000.4806;1000.4806;1000.4806;11-Jun-2010

Bandhan Mutual Fund
108692;BANDHAN LIQUID Fund - Regular Plan - Daily IDCW;INF194K01VZ4;INF194K01VY7;10.0025;10.0025;10.0025;11-Jun-2010
108690;BANDHAN LIQUID Fund - Regular Plan - Growth;INF194K01VX9;;11.2966;11.2966;11.2966;11-Jun-2010
108779;BANDHAN Liquid Fund-Plan A-Dividend (Daily);INF194K01VC3;INF194K01VB5;10.5819;10.5819;10.5819;11-Jun-2010
108778;BANDHAN Liquid Fund-Plan A-Growth;INF194K01UX1;;16.5543;16.5543;16.5543;11-Jun-2010
108607;BANDHAN Liquid Fund - Plan A-Dividend (Weekly);INF194K01VI0;INF194K01VH2;10.0101;10.0101;10.0101;11-Jun-2010
108781;BANDHAN Liquid Fund - Plan B (G) (Institutional Plan);INF194K01VK6;;16.6794;16.6794;16.6794;11-Jun-2010
108681;BANDHAN Liquid Fund - Plan B-Daily-Dividend(Institutional Plan);INF194K01VM2;INF194K01VL4;10.5873;10.5873;10.5873;11-Jun-2010

Bank of India Mutual Fund
109257;BANK OF INDIA Liquid Fund- Institutional Plan- Daily Dividend;;;1000.0000;1000.0000;1000.0000;11-Jun-2010
109256;BANK OF INDIA Liquid Fund- Institutional Plan-Growth;INF761K01314;;1111.6855;1111.6855;1111.6855;11-Jun-2010
111971;BANK OF INDIA Liquid Fund- Regular Plan- Daily IDCW;;INF761K01CO4;1000.0000;1000.0000;1000.0000;11-Jun-2010
109254;BANK OF INDIA Liquid Fund- Regular Plan- Growth;INF761K01306;;1101.3266;1101.3266;1101.3266;11-Jun-2010
109255;BANK OF INDIA Liquid Fund- Regular Plan- Weekly IDCW;;INF761K01CP1;1000.4946;1000.4946;1000.4946;11-Jun-2010
109263;BANK OF INDIA Liquid Fund- Super Institutional Plan-Daily Dividend;;;1000.0000;1000.0000;1000.0000;11-Jun-2010
109258;BANK OF INDIA Liquid Fund- Super Institutional Plan-Growth;INF761K01322;;1114.9390;1114.9390;1114.9390;11-Jun-2010
109262;BANK OF INDIA Liquid Fund-Institutional Plan-Weekly Dividend;;;1000.5434;1000.5434;1000.5434;11-Jun-2010

Baroda BNP Paribas Mutual Fund
111707;Baroda BNP Paribas LIQUID FUND - Regular Plan - DAILY IDCW OPTION;INF955L01468;INF955L01476;10.0063;10.0063;10.0063;11-Jun-2010
111704;Baroda BNP Paribas LIQUID FUND - Regular Plan - GROWTH OPTION;INF955L01484;;10.6353;10.6353;10.6353;11-Jun-2010
101408;Baroda BNP Paribas LIQUID FUND- Defunct Plan -Growth Option;INF955L01575;;16.1185;16.1185;16.1185;11-Jun-2010
101407;Baroda BNP Paribas LIQUID FUND-Defunct Plan- IDCW Option;INF955L01559;INF955L01567;13.8107;13.8107;13.8107;11-Jun-2010

Canara Robeco Mutual Fund
109349;CANARA ROBECO LIQUID FUND - REGULAR PLAN - DAILY IDCW (Reinvestment);;INF760K01CU3;10.0550;10.0550;10.0550;11-Jun-2010
109353;CANARA ROBECO LIQUID FUND - REGULAR PLAN - GROWTH OPTION;INF760K01CW9;;11.2910;11.2910;11.2910;11-Jun-2010
109350;CANARA ROBECO LIQUID FUND - REGULAR PLAN - WEEKLY IDCW (Payout/Reinvestment);INF760K01BZ4;INF760K01CZ2;10.0550;10.0550;10.0550;11-Jun-2010
101363;Canara Robeco Liquid Fund- INSTITUTIONAL-Daily Dividend Reinvestment;;INF760K01CC1;10.0550;10.0550;10.0550;11-Jun-2010
101362;Canara Robeco Liquid Fund- INSTITUTIONAL-Growth;INF760K01CD9;;16.8886;16.8886;16.8886;11-Jun-2010
101361;Canara Robeco Liquid Fund- INSTITUTIONAL-Weekly dividend;;INF760K01CE7;10.0550;10.0550;10.0550;11-Jun-2010
109357;Canara Robeco Liquid Fund-Institutional-Fortnightly Div Reinvest;;INF760K01860;10.0550;10.0550;10.0550;11-Jun-2010
109355;Canara Robeco Liquid Fund-Regular Plan-Fortnightly Div Reinvest.;;INF760K01951;10.0550;10.0550;10.0550;11-Jun-2010
101364;Canara Robeco Liquid Fund-Retail-DRI;;INF760K01CF4;10.0700;10.0700;10.0700;11-Jun-2010
109346;Canara Robeco Liquid Fund-Retail-Fortnightly Div Reinvest;;INF760K01CG2;10.0575;10.0575;10.0575;11-Jun-2010
101365;Canara Robeco Liquid Fund-Retail-Growth;INF760K01CH0;;16.8525;16.8525;16.8525;11-Jun-2010
109347;Canara Robeco Liquid Fund-Retail-Monthly Div Reinvest;;INF760K01CI8;10.0868;10.0868;10.0868;11-Jun-2010
109356;Canara Robeco Liquid Fund-Retail-Weekly Div Reinvest;;INF760K01CJ6;10.0576;10.0576;10.0576;11-Jun-2010

DSP Mutual Fund
103347;DSP Liquidity Fund - Regular Plan - Growth;INF740K01FK9;;1328.7519;1328.7519;1328.7519;11-Jun-2010
103348;DSP Liquidity Fund - Regular Plan - IDCW - Weekly;INF740K01FM5;INF740K01FL7;1000.3289;1000.3289;1000.3289;11-Jun-2010
103349;DSP Liquidity Fund- Regular Plan - IDCW - Daily;;INF740KA1OE0;1000.3161;1000.3161;1000.3161;11-Jun-2010
100943;DSP BlackRock Liquidity Fund - Regular Plan - Daily Dividend;;;10.0100;10.0100;10.0100;11-Jun-2010
100940;DSP BlackRock Liquidity Fund - Regular Plan - Growth;INF740K01CN0;;22.0662;22.0662;22.0662;11-Jun-2010
100941;DSP BlackRock Liquidity Fund - Regular Plan Weekly Dividend;;;12.4119;12.4119;12.4119;11-Jun-2010

Franklin Templeton Mutual Fund
100543;Franklin India Liquid Fund - Liquid Plan - Daily IDCW;;;1000.6730;1000.6730;1000.6730;11-Jun-2010
100544;Franklin India Liquid Fund - Liquid Plan - Growth;;;1394.2170;1394.2170;1394.2170;11-Jun-2010
100542;Franklin India Liquid Fund - Liquid Plan - Weekly Dividend;;;1001.1148;1001.1148;1001.1148;11-Jun-2010
100541;Franklin India Liquid Fund - Regular Plan - Daily - IDCW;;INF090I01BA3;1512.3400;1512.3400;1512.3400;11-Jun-2010
100538;Franklin India Liquid Fund - Regular Plan - Growth;INF090I01BB1;;2285.0731;2285.0731;2285.0731;11-Jun-2010
100537;Franklin India Liquid Fund - Regular Plan - Weekly - IDCW;INF090I01BL0;INF090I01BI6;1245.0378;1245.0378;1245.0378;11-Jun-2010
100547;Franklin India Liquid Fund - Super Institutional Plan - Daily - IDCW;;INF090I01BF2;1000.6730;1000.6730;1000.6730;11-Jun-2010
100546;Franklin India Liquid Fund - Super Institutional Plan - Growth;INF090I01BG0;;1379.5889;1379.5889;1379.5889;11-Jun-2010
100548;Franklin India Liquid Fund - Super Institutional Plan - Weekly - IDCW;INF090I01BM8;INF090I01BH8;1021.7872;1021.7872;1021.7872;11-Jun-2010
102441;Franklin India Liquid Fund - Institution-Growth;INF090I01BD7;;1449.3564;1449.3564;1449.3564;11-Jun-2010
102443;Franklin India Liquid Fund - Institutional Plan - Daily - IDCW;;INF090I01BC9;1000.6730;1000.6730;1000.6730;11-Jun-2010
102442;Franklin India Liquid Fund - Institutional Plan - Weekly - IDCW;INF090I01BJ4;INF090I01BE5;1055.3600;1055.3600;1055.3600;11-Jun-2010

HDFC Mutual Fund
100868;HDFC Liquid Fund - Growth Plan;INF179KB1HK0;;18.3986;18.3986;18.3986;11-Jun-2010
100875;HDFC Liquid Fund - IDCW Daily;;INF179KB1IC5;10.1982;10.1982;10.1982;11-Jun-2010
100876;HDFC Liquid Fund - IDCW Monthly;INF179KB1HM6;INF179KB1HL8;10.2775;10.2775;10.2775;11-Jun-2010
100874;HDFC Liquid Fund - IDCW Plan Weekly;INF179KB1ID3;;10.3155;10.3155;10.3155;11-Jun-2010
100877;HDFC Liquid Fund-Premium Plan - Dividend-Daily;;INF179K01KN4;12.2598;12.2598;12.2598;11-Jun-2010
100878;HDFC Liquid Fund-Premium Plan - Dividend-Weekly;INF179K01KP9;;10;10;10;11-Jun-2010
100881;HDFC Liquid Fund-Premium Plus Plan - Dividend-Weekly;INF179K01KS3;;10;10;10;11-Jun-2010
100872;HDFC Liquid Fund-PREMIUM PLUS- Growth;INF179K01KQ7;;18.6642;18.6642;18.6642;11-Jun-2010
100873;HDFC Liquid Fund-PREMIUM- Growth;INF179KB1HN4;;18.6263;18.6263;18.6263;11-Jun-2010

HSBC Mutual Fund
101700;HSBC Cash Fund - Dividend - Daily;;INF336L01321;10.0056;10.0056;10.0056;11-Jun-2010
101702;HSBC Cash Fund - Dividend - Monthly;INF336L01305;INF336L01297;10.0934;10.0934;10.0934;11-Jun-2010
101701;HSBC Cash Fund - Dividend - Weekly;;INF336L01347;10.2429;10.2429;10.2429;11-Jun-2010
101692;HSBC Cash Fund - Inst. - Dividend - Daily;;INF336L01354;10.4401;10.4401;10.4401;11-Jun-2010
101694;HSBC Cash Fund - Inst. - Dividend - Monthly;INF336L01370;INF336L01362;10.5376;10.5376;10.5376;11-Jun-2010
101693;HSBC Cash Fund - Inst. - Dividend - Weekly;;INF336L01388;10.4715;10.4715;10.4715;11-Jun-2010
101691;HSBC Cash Fund - Inst. - Growth;INF336L01289;;15.1366;15.1366;15.1366;11-Jun-2010
101697;HSBC Cash Fund - Regular - Dividend - Daily;;INF336L01263;10.1930;10.1930;10.1930;11-Jun-2010
101698;HSBC Cash Fund - Regular - Dividend - Weekly;;INF336L01313;10.0241;10.0241;10.0241;11-Jun-2010
101696;HSBC Liquid Fund - Growth closed plan;INF336L01271;;14.9913;14.9913;14.9913;11-Jun-2010
101699;HSBC Liquid Fund Closed;INF336L01339;;14.2699;14.2699;14.2699;11-Jun-2010

ICICI Prudential Mutual Fund
100357;ICICI Prudential Liquid Fund -Quarterly IDCW;INF109K01UU5;INF109K01UT7;100.9464;100.9464;100.9464;11-Jun-2010
100359;ICICI Prudential Liquid Institutional Plus Fund - Div - Daily;INF109K01VJ6;;118.5150;118.5150;118.5150;11-Jun-2010
100360;ICICI Prudential Liquid Institutional Plus Fund - Div - Weekly;INF109K01VM0;;118.6287;118.6287;118.6287;11-Jun-2010
100362;ICICI Prudential Liquid Institutional Plus Fund - Growth;INF109K01VK4;;230.0214;230.0214;230.0214;11-Jun-2010
103343;ICICI Prudential Liquid Fund - Daily IDCW;INF109K01VP3;;100.0221;100.0221;100.0221;11-Jun-2010
103340;ICICI Prudential Liquid Fund - Growth;INF109K01VQ1;;137.3549;137.3549;137.3549;11-Jun-2010
104308;ICICI Prudential Liquid Fund - Half Yearly IDCW;INF109K01UX9;INF109K01UW1;100.9415;100.9415;100.9415;11-Jun-2010
103344;ICICI Prudential Liquid Fund - Institutional Option - I;INF109K01VH0;;134.1952;134.1952;134.1952;11-Jun-2010
103342;ICICI Prudential Liquid Fund - Weekly IDCW;INF109K01VS7;;100.1402;100.1402;100.1402;11-Jun-2010
103341;ICICI Prudential Liquid Fund -Monthly IDCW;INF109K01VR9;;100.1808;100.1808;100.1808;11-Jun-2010
101748;ICICI Prudential Liquid Fund - Institutional - Daily - Div;INF109K01VE7;;118.5020;118.5020;118.5020;11-Jun-2010
101753;ICICI Prudential Liquid Fund - Institutional - Weekly - Div;INF109K01VI8;;118.4980;118.4980;118.4980;11-Jun-2010
101754;ICICI Prudential Liquid Fund Retail Daily Dividend;INF109K01UR1;;118.5140;118.5140;118.5140;11-Jun-2010
101750;ICICI Prudential Liquid Fund Retail Growth;INF109K01UQ3;;224.4291;224.4291;224.4291;11-Jun-2010
101755;ICICI Prudential Liquid Fund Retail Monthly Dividend;INF109K01US9;;100.1852;100.1852;100.1852;11-Jun-2010
101752;ICICI Prudential Liquid Fund Retail Weekly Dividend;INF109K01UV3;;118.8661;118.8661;118.8661;11-Jun-2010
101751;ICICI Prudential Liquid Institutional Fund - Growth;INF109K01VF4;;228.6033;228.6033;228.6033;11-Jun-2010

Invesco Mutual Fund
104484;Invesco India Liquid Fund - Daily IDCW (Reinvestment);;INF205K01HN3;10.0078;10.0078;10.0078;11-Jun-2010
104486;Invesco India Liquid Fund - Growth;INF205K01HM5;;12.7527;12.7527;12.7527;11-Jun-2010
104488;Invesco India Liquid Fund - Regular - Growth;INF205K01HG7;;12.5702;12.5702;12.5702;11-Jun-2010
104489;Invesco India Liquid Fund - Regular - Weekly IDCW (Reinvestment);;INF205K01HH5;10.0104;10.0104;10.0104;11-Jun-2010
104483;Religare Invesco Liquid Fund - Institutional - Daily Dividend;;INF205K01HJ1;10.0022;10.0022;10.0022;11-Jun-2010
104491;Religare Invesco Liquid Fund - Institutional - Growth;INF205K01HI3;;12.6928;12.6928;12.6928;11-Jun-2010
104490;Religare Invesco Liquid Fund - Institutional - Weekly Dividend;;INF205K01HK9;10.0104;10.0104;10.0104;11-Jun-2010

JM Financial Mutual Fund
100241;JM High Liquidity Fund-- Institutional Plan - Dividend;INF192K01924;INF192K01932;10.4760;10.4760;10.4760;11-Jun-2010
100237;JM High Liquidity Fund-- Institutional Plan - Growth;INF192K01940;;15.2782;15.2782;15.2782;11-Jun-2010
100238;JM High Liquidity Fund-Institutional Plan - Daily Dividend;;INF192K01916;10.0159;10.0159;10.0159;11-Jun-2010
100245;JM High Liquidity Fund-Super Institutional Plan- Daily Dividend;;INF192K01957;10.0165;10.0165;10.0165;11-Jun-2010
100246;JM High Liquidity Fund-Super Institutional Plan- Weekly  Dividend;INF192K01965;INF192K01973;10.0000;10.0000;10.0000;11-Jun-2010
100244;JM Liquid Fund (Regular) - Quarterly IDCW;INF192K01866;INF192K01874;14.3315;14.3315;14.3315;11-Jun-2010
100247;JM Liquid Fund (Regular) - Super Institutional Plan - Growth Option;INF192K01981;;14.5263;14.5263;14.5263;11-Jun-2010
100233;JM Liquid Fund (Regular) - Weekly IDCW;INF192K01841;INF192K01858;10.7199;10.7199;10.7199;11-Jun-2010
100234;JM Liquid Fund - Growth Option;INF192K01882;;25.3215;25.3215;25.3215;11-Jun-2010
101549;JM Liquid Fund (Regular) - Bonus Option - Principal Units;INF192K01890;;13.2973;13.2973;13.2973;11-Jun-2010
101078;JM Liquid Fund (Regular) - Daily IDCW;;INF192K01833;10.4302;10.4302;10.4302;11-Jun-2010

Kotak Mahindra Mutual Fund
100833;Kotak Liquid Fund - Regular  - Daily Reinvestment of Income Distribution cum capital withdrawal option;;INF174K01NL3;12.2281;12.2281;12.2281;11-Jun-2010
100835;Kotak Liquid Fund - Regular Plan - Growth;INF174K01NI9;;18.8362;18.8362;18.8362;11-Jun-2010
100831;Kotak Liquid Fund -Institutional Plan - (Daily Dividend);;INF174K01GA0;12.2281;12.2281;12.2281;11-Jun-2010
100834;Kotak Liquid Fund Regular Plan Weekly Reinvestment of Income Distribution cum capital withdrawal option Dividend;INF174K01NK5;;10.0681;10.0681;10.0681;11-Jun-2010
100830;Kotak Liquid-Institutional Plan  (Growth);INF174K01FZ9;;18.3648;18.3648;18.3648;11-Jun-2010
100832;Kotak Liquid-Institutional Plan (Weekly Dividend);;INF174K01GB8;10.0276;10.0276;10.0276;11-Jun-2010
100828;Kotak Liquid-Regular (Dividend);;INF174K01FY2;10.027;10.027;10.027;11-Jun-2010
100829;Kotak Liquid-Regular (Growth);INF174K01NM1;;17.9831;17.9831;17.9831;11-Jun-2010

L&T Mutual Fund
112445;L&T Liquid Fund -Regular Plan - Daily IDCW;INF917K01JB4;;10.1163;10.1163;10.1163;11-Jun-2010
112457;L&T Liquid Fund -Regular Plan - Growth;INF917K01JH1;;12.7458;12.7458;12.7458;11-Jun-2010
112456;L&T Liquid Fund-Cum -Institutional Plus;INF917K01BJ4;;18.7132;18.7132;18.7132;11-Jun-2010
112442;L&T Liquid Fund-Regular Cumulative;INF917K01BF2;;18.4894;18.4894;18.4894;11-Jun-2010
112483;L&T Liquid Fund - Institutional Plus Weekly Dividend;INF917K01BH8;INF917K01BI6;12.5526;12.5526;12.5526;11-Jun-2010

LIC Mutual Fund
101184;LIC MF Liquid Fund-Regular Plan-Daily IDCW;INF767K01IQ3;INF767K01IR1;10.9801;10.9801;10.9801;11-Jun-2010
101185;LIC MF Liquid Fund-Regular Plan-Growth;INF767K01IS9;;17.0107;17.0107;17.0107;11-Jun-2010

Mirae Asset Mutual Fund
111647;Mirae Asset Liquid Fund - Regular - Daily IDCW;;INF769K01804;1029.5178;1029.5178;1029.5178;11-Jun-2010
111646;Mirae Asset Liquid Fund - Regular Plan - Growth;INF769K01788;;1036.3489;1036.3489;1036.3489;11-Jun-2010
111645;Mirae Asset Liquid Fund - Regular Plan - Monthly IDCW;INF769K01838;INF769K01820;1036.4165;1036.4165;1036.4165;11-Jun-2010
111644;Mirae Asset Liquid Fund - Regular Plan - Weekly IDCW;;INF769K01812;1035.2261;1035.2261;1035.2261;11-Jun-2010

Navi Mutual Fund
112645;Navi Liquid Fund - Regular Plan Daily IDCW;;INF959L01GM7;10.0002;10.0002;10.0002;11-Jun-2010
112646;Navi Liquid Fund - Regular Plan Weekly IDCW;INF959L01GP0;INF959L01GQ8;10.0069;10.0069;10.0069;11-Jun-2010
112637;Navi Liquid Fund-Institutional Plan-Dividend Option-Daily;;INF959L01197;10.0000;10.0000;10.0000;11-Jun-2010
112640;Navi Liquid Fund-Institutional Plan-Growth;INF959L01247;;10.0769;10.0769;10.0769;11-Jun-2010
112636;Navi Liquid Fund-Regular Plan-Growth Option;INF959L01GL9;;10.0821;10.0821;10.0821;11-Jun-2010
112641;Navi Liquid Fund-Retail Plan-Dividend Option-Daily;;INF959L01254;10.0003;10.0003;10.0003;11-Jun-2010
112644;Navi Liquid Fund-Retail Plan-Growth;INF959L01304;;10.1221;10.1221;10.1221;11-Jun-2010

Nippon India Mutual Fund
100852;NIPPON INDIA LIQUID FUND - DAILY IDCW OPTION;;INF204K01UM1;15.2874;15.2874;15.2874;11-Jun-2010
100855;NIPPON INDIA LIQUID FUND - MONTHLY IDCW OPTION;INF204K01UO7;INF204K01UP4;21.7884;21.7884;21.7884;11-Jun-2010
100837;Nippon India Liquid Fund - Retail Option - Growth Plan;INF204K01UL3;;22.2734;22.2734;22.2734;11-Jun-2010
100842;NIPPON INDIA LIQUID FUND - RETAIL Plan - DAILY IDCW OPTION;;INF204K01UJ7;15.2428;15.2428;15.2428;11-Jun-2010
100843;NIPPON INDIA LIQUID FUND - RETAIL plan - MONTHLY IDCW OPTION;INF204K01UT6;INF204K01UU4;13.3345;13.3345;13.3345;11-Jun-2010
100844;NIPPON INDIA LIQUID FUND - RETAIL Plan - QUARTERLY IDCW OPTION;INF204K01UV2;INF204K01UW0;12.2690;12.2690;12.2690;11-Jun-2010
100838;NIPPON INDIA LIQUID FUND - RETAIL Plan - WEEKLY IDCW OPTION;;INF204K01UK5;10.3417;10.3417;10.3417;11-Jun-2010
100853;NIPPON INDIA LIQUID FUND - WEEKLY IDCW OPTION;INF204KC1FM8;INF204K01US8;15.3030;15.3030;15.3030;11-Jun-2010
100851;Nippon India Liquid Fund -Growth Plan;INF204K01UN9;;22.6643;22.6643;22.6643;11-Jun-2010
100849;Reliance Liquid Fund-Cash Plan-Daily Dividend Reinvestment Option;;;11.1415;11.1415;11.1415;11-Jun-2010
100845;Reliance Liquid Fund-Cash Plan-Growth Plan;;;15.1073;15.1073;15.1073;11-Jun-2010
100848;Reliance Liquid Fund-Cash Plan-Weekly Dividend Reinvestment Option;;;10.9169;10.9169;10.9169;11-Jun-2010

Principal Mutual Fund
100895;Principal Cash Management Fund - Daily Income Distribution CUM Capital Withdrawal;;INF173K01DB7;10.0007;10.0007;10.0007;11-Jun-2010
100898;Principal Cash Management Fund -Growth Option;INF173K01DA9;;14.4617;14.4617;14.4617;11-Jun-2010
100892;Principal Cash Management-Liquid Option-Daily Dividend;;;10.0022;10.0022;10.0022;11-Jun-2010
100887;Principal Cash Management-Liquid Option-Dividend Plan;;;10.1213;10.1213;10.1213;11-Jun-2010
100888;Principal Cash Management-Liquid Option-Growth Plan;;;17.9301;17.9301;17.9301;11-Jun-2010
100894;Principal Cash Management-Liquid Option-Institutional - Daily Dividend Plan;;;10.0022;10.0022;10.0022;11-Jun-2010
100893;Principal Cash Management-Liquid Option-Institutional - Growth Plan;;;15.1718;15.1718;15.1718;11-Jun-2010
100891;Principal Cash Management-Liquid Option-Institutional - Monthly Dividend Plan;;;10.0184;10.0184;10.0184;11-Jun-2010
100890;Principal Cash Management-Liquid Option-Institutional - Weekly Dividend Plan;;;10.003;10.003;10.003;11-Jun-2010
100889;Principal Cash Management-Liquid Option-Monthly Dividend;;;10.0173;10.0173;10.0173;11-Jun-2010

quant Mutual Fund
103225;quant Liquid Fund - Growth Option - Regular Plan;INF966L01317;;13.9462;13.9462;13.9462;11-Jun-2010
103228;quant Liquid Fund - Monthly IDCW Option - Regular Plan;INF966L01291;INF966L01309;13.5334;13.5334;13.5334;11-Jun-2010
103227;quant Liquid Fund - Weekly IDCW Option - Regular Plan;INF966L01499;INF966L01283;12.6882;12.6882;12.6882;11-Jun-2010
103226;quant Liquid Fund-Daily IDCW Option - Regular Plan;;INF966L01275;12.7560;12.7560;12.7560;11-Jun-2010

Quantum Mutual Fund
103736;Quantum Liquid Fund - Direct Plan Daily IDCW;;INF082J01135;10.0000;10.0000;10.0000;11-Jun-2010
103734;Quantum Liquid Fund - Direct Plan Growth Option;INF082J01127;;13.2131;13.2131;13.2131;11-Jun-2010
103735;Quantum Liquid Fund - Direct Plan Monthly IDCW;INF082J01143;INF082J01200;10.0222;10.0222;10.0222;11-Jun-2010

SBI Mutual Fund
105274;SBI Liquid Fund - Institutional - Growth;INF200K01LU1;;14.7628;14.7628;14.7628;11-Jun-2010
105275;SBI Liquid Fund - Institutional Daily Income Distribution cum Capital Withdrawal Option (IDCW);;INF200K01LR7;10.0325;10.0325;10.0325;11-Jun-2010
105279;SBI Liquid Fund - Institutional Fortnightly Income Distribution cum Capital Withdrawal Option (IDCW);INF200K01LS5;INF200K01LT3;10.1778;10.1778;10.1778;11-Jun-2010
105278;SBI Liquid Fund - Institutional Weekly Income Distribution cum Capital Withdrawal Option (IDCW);INF200K01LV9;INF200K01LW7;10.6124;10.6124;10.6124;11-Jun-2010
105281;SBI Liquid Fund - Regular Plan - Daily Income Distribution cum Capital Withdrawal Option (IDCW);;INF200K01LX5;10.0325;10.0325;10.0325;11-Jun-2010
105283;SBI Liquid Fund - Regular Plan - Fortnightly Income Distribution cum Capital Withdrawal Option (IDCW);INF200K01LY3;INF200K01LZ0;N.A.;N.A.;N.A.;11-Jun-2010
105282;SBI Liquid Fund - Regular Plan - Weekly Income Distribution cum Capital Withdrawal Option (IDCW);INF200K01MB9;INF200K01MC7;N.A.;N.A.;N.A.;11-Jun-2010
105280;SBI Liquid Fund - REGULAR PLAN -Growth;INF200K01MA1;;14.6038;14.6038;14.6038;11-Jun-2010

Sundaram Mutual Fund
102701;Sundaram Money Fund Institutional Plan - Daily Reinvestment of Income Distribution cum Capital Withdrawal (IDCW);;INF903J01GP2;10.0953;10.0953;10.0953;11-Jun-2010
102702;Sundaram Money Fund Institutional Plan - Fortnightly Reinvestment of Income Distribution cum Capital Withdrawal (IDCW);;INF903J01GR8;0.0000;0.0000;0.0000;11-Jun-2010
102703;Sundaram Money Fund Institutional Plan - Growth;INF903J01GN7;;19.3140;19.3140;19.3140;11-Jun-2010
102704;Sundaram Money Fund Institutional Plan - Monthly Income Distribution cum Capital Withdrawal (IDCW);INF903J01GO5;INF903J01GS6;10.3427;10.3427;10.3427;11-Jun-2010
102705;Sundaram Money Fund Institutional Plan - Quarterly Reinvestment of Income Distribution cum Capital Withdrawal (IDCW);;INF903J01GT4;10.7674;10.7674;0.0000;11-Jun-2010
102706;Sundaram Money Fund Institutional Plan - Weekly Reinvestment of Income Distribution cum Capital Withdrawal (IDCW);;INF903J01GQ0;10.7619;10.7619;10.7619;11-Jun-2010
103392;Sundaram Money Fund Regular Plan - Daily Reinvestment of Income Distribution cum Capital Withdrawal (IDCW);;INF903J01GW8;10.0953;10.0953;10.0953;11-Jun-2010
103395;Sundaram Money Fund Regular Plan - Fortnightly Reinvestment of Income Distribution cum Capital Withdrawal (IDCW);;INF903J01GY4;0.0000;0.0000;0.0000;11-Jun-2010
103397;Sundaram Money Fund Regular Plan - Growth;INF903J01GU2;;19.5686;19.5686;19.5686;11-Jun-2010
103396;Sundaram Money Fund Regular Plan - Monthly Income Distribution cum Capital Withdrawal (IDCW);INF903J01GV0;INF903J01GZ1;0.0000;0.0000;0.0000;11-Jun-2010
103393;Sundaram Money Fund Regular Plan - Quarterly Reinvestment of Income Distribution cum Capital Withdrawal (IDCW);;INF903J01HA2;0.0000;0.0000;0.0000;11-Jun-2010
100620;Sundaram Money Fund Retail Plan - Daily Reinvestment of Income Distribution cum Capital Withdrawal (IDCW);;INF903J01GI7;10.0953;10.0953;10.0953;11-Jun-2010
100622;Sundaram Money Fund Retail Plan - Fortnightly Reinvestment of Income Distribution cum Capital Withdrawal (IDCW);;INF903J01GK3;10.4345;10.4345;10.4345;11-Jun-2010
100618;Sundaram Money Fund Retail Plan - Growth;INF903J01GG1;;19.0516;19.0516;19.0516;11-Jun-2010
100623;Sundaram Money Fund Retail Plan - Monthly Income Distribution cum Capital Withdrawal (IDCW);INF903J01GH9;INF903J01GL1;10.2942;10.2942;10.2942;11-Jun-2010
100619;Sundaram Money Fund Retail Plan - Quarterly Reinvestment of Income Distribution cum Capital Withdrawal (IDCW);;INF903J01GM9;10.7654;10.7654;10.7654;11-Jun-2010
100621;Sundaram Money Fund Retail Plan - Weekly Reinvestment of Income Distribution cum Capital Withdrawal (IDCW);;INF903J01GJ5;10.6632;10.6632;10.6632;11-Jun-2010
103394;Sundaram Money Fund Regular Plan - Weekly Reinvestment of Income Distribution cum Capital Withdrawal (IDCW);;INF903J01GX6;0.0000;0.0000;0.0000;11-Jun-2010

Tata Mutual Fund
102672;Tata Liquid Fund -Regular Plan - Growth Option;INF277K01YD8;;14.5946;14.5946;14.5946;11-Jun-2010
101714;Tata Liquid Fund- Regular Plan - Daily Reinvestment of IDCW Option;;INF277K011D4;10.0152;10.0152;10.0152;11-Jun-2010

Taurus Mutual Fund
111915;Taurus Liquid Fund - Regular Plan - SI Growth Option;INF044D01534;;1011.4870;1011.4870;1011.4870;11-Jun-2010
111703;Taurus Liquid Fund - Regular Plan -SI Daily Dividend Option;;INF044D01518;1000.0110;1000.0110;1000.0110;11-Jun-2010
111547;Taurus Liquid Fund Insti DDRIP;;INF044D01484;1000.0000;1000.0000;1000.0000;11-Jun-2010
111760;Taurus Liquid Fund Insti Growth;INF044D01500;;1018.6859;1018.6859;1018.6859;11-Jun-2010
104240;Taurus Liquid Fund-Dividend;INF044D01542;INF044D01559;1001.1809;1001.1809;1001.1809;11-Jun-2010
104241;Taurus Liquid Fund-Growth;INF044D01575;;1219.8545;1219.8545;1219.8545;11-Jun-2010

UTI Mutual Fund
102010;UTI Liquid Fund - Regular Plan - Daily IDCW (Reinvestment);;INF789F01PG3;1019.4457;1019.4457;1019.4457;11-Jun-2010
102011;UTI Liquid Fund - Regular Plan - Monthly IDCW;INF789F01PI9;INF789F01PJ7;1026.5689;1026.5689;1026.5689;11-Jun-2010
102013;UTI Liquid Fund - Regular Plan - Weekly IDCW;;INF789F01PK5;1028.3201;1028.3201;1028.3201;11-Jun-2010
102012;UTI-  Liquid Cash Plan - Regular Plan - Growth Option;INF789F01PH1;;1525.5378;1525.5378;1525.5378;11-Jun-2010
102008;UTI-  Liquid Cash Plan- Discontinued - Regular Plan - Monthly Dividend Option;INF789F01BC2;INF789F01BA6;1068.5155;1068.5155;1068.5155;11-Jun-2010
102009;UTI-  Liquid Cash Plan- Discontinued - Regular Plan -Growth;INF789F01BB4;;1502.3954;1502.3954;1502.3954;11-Jun-2010
102007;UTI-  Liquid Cash Plan- Discontinued -Regular Plan Periodic Dividend Option;;INF789F01AZ5;1056.6845;1056.6845;1056.6845;11-Jun-2010

Open Ended Schemes ( Debt Scheme - Ultra Short Duration Fund )


Aditya Birla Sun Life Mutual Fund
112016;Aditya Birla Sun Life Savings Fund - Discipline Advantage Plan;INF209K01JT8;;10.3874;10.3874;10.3874;11-Jun-2010
101317;Aditya Birla Sun Life Savings Fund - Growth - Regular Plan;INF209K01LZ1;;17.6554;17.6554;17.6554;11-Jun-2010
101315;Aditya Birla Sun Life Savings Fund-Insititutional Fortnightly Dividend;;;10.8510;10.8510;10.8510;11-Jun-2010
105889;Aditya Birla Sun Life Savings Fund-Insititutional Plan - Monthly  Dividend;;;10.2618;10.2618;10.2618;11-Jun-2010
105888;Aditya Birla Sun Life Savings Fund-Regular - DAILY IDCW;INF209K01LY4;;10.0068;10.0068;10.0068;11-Jun-2010
105887;Aditya Birla Sun Life Savings Fund-Regular - weekly IDCW;INF209K01MA2;;10.0106;10.0106;10.0106;11-Jun-2010
109108;Aditya Birla Sun Life Savings Fund-Retail - Daily IDCW;INF209K01MB0;;10.0068;10.0068;10.0068;11-Jun-2010
105886;Aditya Birla Sun Life Savings Fund-Retail - Monthly Dividend;;INF209K01DJ2;10.2380;10.2380;10.2380;11-Jun-2010
101318;Aditya Birla Sun Life Savings Fund-Retail Fortnightly Dividend;;;11.2798;11.2798;11.2798;11-Jun-2010
101316;Aditya Birla Sun Life Savings Fund-Retail Growth;INF209K01MC8;;17.2665;17.2665;17.2665;11-Jun-2010
105881;Aditya Birla Sun Life Savings Fund-Weekly - retail IDCW;INF209K01MD6;;10.0096;10.0096;10.0096;11-Jun-2010

Bank of India Mutual Fund
109268;BANK OF INDIA Ultra Short Duration Fund- Institutional Plan- Daily Dividend;;;1000.0000;1000.0000;1000.0000;11-Jun-2010
109265;BANK OF INDIA Ultra Short Duration Fund- Institutional Plan- Growth;INF761K01264;;1124.6807;1124.6807;1124.6807;11-Jun-2010
109266;BANK OF INDIA Ultra Short Duration Fund- Institutional Plan- Weekly Dividend;;;1000.9480;1000.9480;1000.9480;11-Jun-2010
111970;BANK OF INDIA Ultra Short Duration Fund- Regular Plan- Daily IDCW;;INF761K01CW7;1000.0000;1000.0000;1000.0000;11-Jun-2010
109269;BANK OF INDIA Ultra Short Duration Fund- Regular Plan- Growth;INF761K01298;;1114.4500;1114.4500;1114.4500;11-Jun-2010
109264;BANK OF INDIA Ultra Short Duration Fund- Regular Plan- Weekly IDCW;;INF761K01CX5;1000.8619;1000.8619;1000.8619;11-Jun-2010

Canara Robeco Mutual Fund
106326;Canara Robeco Ultra Short Term Fund - Institutional Plan- Daily Dividend Reinvestment Option;;INF760K01DR7;12.4071;12.4071;12.4071;11-Jun-2010
106330;Canara Robeco Ultra Short Term Fund - Institutional Plan- Growth option;INF760K01CN8;;15.2621;15.2621;15.2621;11-Jun-2010
109369;Canara Robeco Ultra Short Term Fund - Institutional Plan- Monthly Div Reinvest;INF760K01480;INF760K01498;12.4071;12.4071;12.4071;11-Jun-2010
106327;Canara Robeco Ultra Short Term Fund - Institutional Plan- Weekly Dividend Reinvestment option;;INF760K01CO6;12.4105;12.4105;12.4105;11-Jun-2010
109372;CANARA ROBECO ULTRA SHORT TERM FUND - REGULAR PLAN - DAILY IDCW (Reinvestment);;INF760K01DA3;12.4071;12.4071;12.4071;11-Jun-2010
109371;CANARA ROBECO ULTRA SHORT TERM FUND - REGULAR PLAN - GROWTH OPTION;INF760K01DC9;;14.0365;14.0365;14.0365;11-Jun-2010
109366;CANARA ROBECO ULTRA SHORT TERM FUND - REGULAR PLAN - WEEKLY IDCW (Payout/Reinvestment);INF760K01DE5;INF760K01DF2;12.4106;12.4106;12.4106;11-Jun-2010
106325;Canara Robeco Ultra Short Term Fund - Retail Plan- Daily Dividend Reinvestment Option;;INF760K01CP3;12.4071;12.4071;12.4071;11-Jun-2010
109360;Canara Robeco Ultra Short Term Fund - Retail Plan- Fortnightly Div Reinvest;;INF760K01CQ1;12.4104;12.4104;12.4104;11-Jun-2010
106329;Canara Robeco Ultra Short Term Fund - Retail Plan- Growth Option;INF760K01CR9;;15.2365;15.2365;15.2365;11-Jun-2010
106324;Canara Robeco Ultra Short Term Fund - Retail Plan- Income option;INF760K01DQ9;INF760K01548;10.4605;10.4605;10.4605;11-Jun-2010
109361;Canara Robeco Ultra Short Term Fund - Retail Plan- Monthly Div Reinvest;;INF760K01CS7;12.4332;12.4332;12.4332;11-Jun-2010
109359;Canara Robeco Ultra Short Term Fund - Retail Plan- Weekly Div Reinvest;;INF760K01CT5;12.4104;12.4104;12.4104;11-Jun-2010

DSP Mutual Fund
104138;DSP Ultra Short Fund - Regular Plan - Growth;INF740K01QQ3;;1276.8801;1276.8801;1276.8801;11-Jun-2010
104140;DSP Ultra Short Fund - Regular Plan - IDCW - Daily Reinvest;;INF740KA1NW4;1002.2851;1002.2851;1002.2851;11-Jun-2010
104139;DSP Ultra Short Fund - Regular Plan - IDCW - Weekly Reinvest;;;1000.9218;1000.9218;1000.9218;11-Jun-2010

Franklin Templeton Mutual Fund
107248;Franklin India Ultra Short Bond Fund - Institutional - Growth;INF090I01CG8;;11.9023;11.8725;11.9023;11-Jun-2010
109574;Franklin India Ultra Short Bond Fund - Institutional - Weekly Dividend;INF090I01CE3;INF090I01CF0;10.1982;10.1727;10.1982;11-Jun-2010
107251;Franklin India Ultra Short Bond Fund - Institutional Plan - Daily - IDCW;;INF090I01CD5;10.0111;9.9861;10.0111;11-Jun-2010
107247;Franklin India Ultra Short Bond Fund - Retail - Growth;INF090I01CK0;;11.8431;11.8135;11.8431;11-Jun-2010
107252;Franklin India Ultra Short Bond Fund - Retail Plan - Daily - IDCW;;INF090I01CH6;10.0106;9.9856;10.0106;11-Jun-2010
109575;Franklin India Ultra Short Bond Fund - Retail Plan - Weekly - IDCW;INF090I01CI4;INF090I01CJ2;10.0171;9.9921;10.0171;11-Jun-2010
107249;Franklin India Ultra Short Bond Fund - Super Institutional - Growth;INF090I01CN4;;11.9614;11.9315;11.9614;11-Jun-2010
107250;Franklin India Ultra Short Bond Fund - Super Institutional Plan - Daily - IDCW;;INF090I01CL8;10.0116;9.9866;10.0116;11-Jun-2010
109576;Franklin India Ultra Short Bond Fund - Super Institutional Plan - Weekly - IDCW;INF090I01CM6;;10.1003;10.0750;10.1003;11-Jun-2010

JM Financial Mutual Fund
104270;JM Money Manager Fund - Super Plan - Dividend option - Daily dividend;;;10.0118;10.0118;10.0118;11-Jun-2010
106100;JM Money Manager Fund - Super Plan - Dividend option - Fortnightly;;;10.1393;10.1393;10.1393;11-Jun-2010
106099;JM Money Manager Fund - Super Plan - Dividend option - Weekly dividend;;;10.3357;10.3357;10.3357;11-Jun-2010
104269;JM Money Manager Fund - Super Plan - Growth Plan;;;13.0775;13.0775;13.0775;11-Jun-2010
104268;JM Money Manager Fund - Super Plus Plan - Dividend option - Daily dividend;;;10.0053;10.0053;10.0053;11-Jun-2010
106103;JM Money Manager Fund - Super Plus Plan - Dividend option - Fortnightly;;;10.1964;10.1964;10.1964;11-Jun-2010
106102;JM Money Manager Fund - Super Plus Plan - Dividend option - Weekly dividend;;;10.3471;10.3471;10.3471;11-Jun-2010
104267;JM Money Manager Fund - Super Plus Plan - Growth option;;;13.1120;13.1120;13.1120;11-Jun-2010
104272;JM Ultra Short Duration Fund - Daily Dividend;;INF192K01AN8;10.0112;10.0112;10.0112;11-Jun-2010
106101;JM Ultra Short Duration Fund - Fortnightly Dividend;;INF192K01AP3;10.0902;10.0902;10.0902;11-Jun-2010
104271;JM Ultra Short Duration Fund - Growth option;INF192K01AQ1;;12.7112;12.7112;12.7112;11-Jun-2010
106104;JM Ultra Short Duration Fund - Weekly Dividend;;INF192K01AO6;10.3058;10.3058;10.3058;11-Jun-2010

Kotak Mahindra Mutual Fund
102591;Kotak Savings Fund -Growth;INF174K01FD6;;14.7597;14.7597;14.7597;11-Jun-2010
102592;Kotak Savings Fund -Monthly Payout of Income Distribution cum capital withdrawal option;INF174K01FH7;;10.0831;10.0831;10.0831;11-Jun-2010
102590;Kotak Savings Fund -Weekly Weekly Reinvestment of Income Distribution cum capital withdrawal option;INF174K01FF1;;10.0804;10.0804;10.0804;11-Jun-2010
110575;Kotak Treasury Advantage Fund -Daily Reinvestment of Income Distribution cum capital withdrawal option;INF174K01FE4;;10.0798;10.0798;10.0798;11-Jun-2010

L&T Mutual Fund
112423;L&T Ultra Short Term Fund - Regular Plan - Growth;INF917K01AS7;;14.9745;14.9745;14.9745;11-Jun-2010
112422;L&T Ultra Short Term Fund -Regular - Cumulative;INF917K01AN8;;14.7145;14.7145;14.7145;11-Jun-2010
112425;L&T Ultra Short Term Fund- Regular Plan - Daily IDCW;;INF917K01AX7;10.1552;10.1552;10.1552;11-Jun-2010
112421;L&T Ultra Short Term Fund-Regular Plan -Monthly Dividend;INF917K01AL2;INF917K01AM0;11.3477;11.3477;11.3477;11-Jun-2010
112461;L&T Ultra Short Term Fund - Regular Plan -Semi Annual IDCW;INF917K01AO6;INF917K01AP3;11.5649;11.5649;11.5649;11-Jun-2010
112475;L&T Ultra Short Term Fund - Regular Plan - Monthly IDCW;INF917K01AQ1;INF917K01AR9;10.7311;10.7311;10.7311;11-Jun-2010

Navi Mutual Fund
112655;Navi Ultra Short Term Fund - Institutional Plan-Dividend Option-Daily;;;10.0002;10.0002;10.0002;11-Jun-2010
112651;Navi Ultra Short Term Fund - Institutional Plan-Dividend Option-Monthly;;;10.0207;10.0207;10.0207;11-Jun-2010
112654;Navi Ultra Short Term Fund - Institutional Plan-Growth;;;10.1506;10.1506;10.1506;11-Jun-2010
112648;Navi Ultra Short Term Fund - Regular Plan Daily IDCW;;INF959L01BM8;10.0002;10.0002;10.0002;11-Jun-2010
112658;Navi Ultra Short Term Fund - Regular Plan Weekly IDCW;INF959L01BQ9;INF959L01AY5;10.0060;10.0060;10.0060;11-Jun-2010
112408;Navi Ultra Short Term Fund - Regular Plan-Growth Option;INF959L01BH8;;10.0903;10.0903;10.0903;11-Jun-2010
112652;Navi Ultra Short Term Fund - Retail Plan-Dividend Option-Daily;;INF959L01379;10.0002;10.0002;10.0002;11-Jun-2010
112653;Navi Ultra Short Term Fund - Retail Plan-Dividend Option-Monthly;INF959L01387;INF959L01395;10.0192;10.0192;10.0192;11-Jun-2010
112657;Navi Ultra Short Term Fund - Retail Plan-Dividend Option-Weekly;INF959L01403;INF959L01411;10.0055;10.0055;10.0055;11-Jun-2010
112656;Navi Ultra Short Term Fund - Retail Plan-Growth;INF959L01429;;10.1378;10.1378;10.1378;11-Jun-2010

Principal Mutual Fund
107325;Principal Money Manager Fund-Regular Plan-Daily Dividend Option;;;10.0247;10.0247;10.0247;11-Jun-2010
107331;Principal Money Manager Fund-Regular Plan-Growth Option;;;11.2352;11.2352;11.2352;11-Jun-2010
107327;Principal Money Manager Fund-Regular Plan-Monthly Dividend Option;;;10.5714;10.5714;10.5714;11-Jun-2010
107326;Principal Money Manager Fund-Regular Plan-Weekly Dividend Option;;;10.1064;10.1064;10.1064;11-Jun-2010
107329;Principal Ultra Short Term Fund-Daily Income Distribution CUM Capital Withdrawal Option;;INF173K01CV7;10.0247;10.0247;10.0247;11-Jun-2010
107328;Principal Ultra Short Term Fund-Growth Option;INF173K01CU9;;10.5804;10.5804;10.5804;11-Jun-2010
107330;Principal Ultra Short Term Fund-Monthly Income Distribution CUM Capital Withdrawal Option;INF173K01CB9;INF173K01CC7;10.4428;10.4428;10.4428;11-Jun-2010

SBI Mutual Fund
105080;SBI Magnum Ultra Short Duration Fund - Regular Plan - Daily Income Distribution cum Capital Withdrawal Option (IDCW);;INF200K01LK2;16.7503;16.7503;16.7503;11-Jun-2010
100641;SBI MAGNUM ULTRA SHORT DURATION FUND - REGULAR PLAN - GROWTH;INF200K01LJ4;;20.6345;20.6345;20.6345;11-Jun-2010
103884;SBI Magnum Ultra Short Duration Fund - Regular Plan - Weekly Income Distribution cum Capital Withdrawal Option (IDCW);INF200K01LM8;INF200K01LL0;10.7849;10.7849;10.7849;11-Jun-2010

UTI Mutual Fund
112083;UTI Ultra Short Duration Fund - Discontinued - INSTN GROWTH OPTION;INF789F01PM1;;1045.1495;1045.1495;1045.1495;11-Jun-2010
112082;UTI Ultra Short Duration Fund - Discontinued - INSTN PLAN - PERIODIC DIVIDEND OPTION;;INF789F01PL3;1000.7707;1000.7707;1000.7707;11-Jun-2010
109501;UTI Ultra Short Duration Fund - Regular Plan - Daily IDCW (Reinvestment);;INF789F01554;1025.4432;1025.4432;1025.4432;11-Jun-2010
102532;UTI Ultra Short Duration Fund - Regular Plan - Growth Option;INF789F01570;;1514.8169;1514.8169;1514.8169;11-Jun-2010
102531;UTI Ultra Short Duration Fund - Regular Plan - Weekly IDCW (Reinvestment);;INF789F01562;1060.0966;1060.0966;1060.0966;11-Jun-2010
112106;UTI Ultra Short Duration Fund -INSTN PLAN - FLEXI Dividend OPTION;;;1001.7893;1001.7893;1001.7893;11-Jun-2010

Open Ended Schemes ( Debt Scheme - Low Duration Fund )


Aditya Birla Sun Life Mutual Fund
103192;Aditya Birla Sun Life Low Duration Fund - Growth Plan;INF209K01LQ0;;22.6461;22.6461;22.6461;11-Jun-2010
103195;Aditya Birla Sun Life Low Duration Fund - Institutional Plan - Growth;INF209K01KE8;;15.5408;15.5408;15.5408;11-Jun-2010
103191;Aditya Birla Sun Life Low Duration Fund -INSTITUTIONAL - DAILY IDCW;;INF209K01KD0;10.0030;10.0030;10.0030;11-Jun-2010
103194;Aditya Birla Sun Life Low Duration Fund -Institutional - weekly  IDCW;;INF209K01KG3;10.0064;10.0064;10.0064;11-Jun-2010
103193;Aditya Birla Sun Life Low Duration Fund -REGULAR - WEEKLY IDCW;;INF209KA1LQ4;10.0061;10.0061;10.0061;11-Jun-2010

Axis Mutual Fund
112215;Axis Treasury Advantage Fund - Regular Plan - Daily IDCW;;INF846K01545;1000.0018;1000.0018;1000.0018;11-Jun-2010
112214;Axis Treasury Advantage Fund - Regular Plan - Growth Option;INF846K01537;;1031.1807;1031.1807;1031.1807;11-Jun-2010
112217;Axis Treasury Advantage Fund - Regular Plan - Monthly IDCW;INF846K01578;INF846K01586;1002.8412;1002.8412;1002.8412;11-Jun-2010
112216;Axis Treasury Advantage Fund - Regular Plan - Weekly IDCW;INF846K01552;INF846K01560;1001.0527;1001.0527;1001.0527;11-Jun-2010
112720;Axis Treasury Advantage Fund - Retail Plan - Daily IDCW;;INF846K01487;1000.0018;1000.0018;1000.0018;11-Jun-2010
112717;Axis Treasury Advantage Fund - Retail Plan - Growth Option;INF846K01479;;1012.4990;1012.4990;1012.4990;11-Jun-2010
112718;Axis Treasury Advantage Fund - Retail Plan - Monthly IDCW;INF846K01511;INF846K01529;1002.2210;1002.2210;1002.2210;11-Jun-2010
112719;Axis Treasury Advantage Fund - Retail Plan - Weekly IDCW;INF846K01495;INF846K01503;1000.5219;1000.5219;1000.5219;11-Jun-2010

Bandhan Mutual Fund
108633;BANDHAN Low Duration Fund - Regular Plan - Daily IDCW;INF194K01FW4;INF194K01FV6;10.0125;10.0125;10.0125;11-Jun-2010
108632;BANDHAN Low Duration Fund - Regular Plan - Growth;INF194K01FU8;;12.7471;12.7471;12.7471;11-Jun-2010
108635;BANDHAN Low Duration Fund - Regular Plan - Monthly IDCW;INF194K01FZ7;INF194K01FY0;10.0521;10.0521;10.0521;11-Jun-2010
108634;BANDHAN Low Duration Fund - Regular Plan - Weekly IDCW;INF194K01GC4;INF194K01GB6;10.0040;10.0040;10.0040;11-Jun-2010

Baroda BNP Paribas Mutual Fund
112032;Baroda Treasury Advantage Fund- Plan A- Daily IDCW Option;INF955L01294;INF955L01302;10.0091;10.0091;10.0091;11-Jun-2010
112029;Baroda Treasury Advantage Fund- Plan A- Growth Option;INF955L01310;;10.4771;10.4771;10.4771;11-Jun-2010
112033;Baroda Treasury Advantage Fund- Plan A- Weekly IDCW Option;INF955L01328;INF955L01336;10.0048;10.0048;10.0048;11-Jun-2010
112025;Baroda Treasury Advantage Fund- Regular Plan - Daily IDCW Option;INF955L01369;INF955L01377;10.0095;10.0095;10.0095;11-Jun-2010
112031;Baroda Treasury Advantage Fund- Regular Plan - Growth Option;INF955L01385;;10.4642;10.4642;10.4642;11-Jun-2010
112027;Baroda Treasury Advantage Fund- Regular Plan - Monthly IDCW Option;INF955L01393;INF955L01401;10.0238;10.0238;10.0238;11-Jun-2010
112026;Baroda Treasury Advantage Fund- Regular Plan - Weekly IDCW Option;INF955L01419;INF955L01427;10.0047;10.0047;10.0047;11-Jun-2010

Canara Robeco Mutual Fund
104559;CANARA ROBECO SAVINGS FUND - REGULAR PLAN - DAILY IDCW (Reinvestment);;INF760K01803;10.2600;10.2600;10.2600;11-Jun-2010
102913;CANARA ROBECO SAVINGS FUND - REGULAR PLAN - GROWTH OPTION;INF760K01795;;14.3649;14.3649;14.3649;11-Jun-2010
102914;CANARA ROBECO SAVINGS FUND - REGULAR PLAN - IDCW (Payout/Reinvestment);INF760K01779;INF760K01787;13.8122;13.8122;13.8122;11-Jun-2010
102915;CANARA ROBECO SAVINGS FUND - REGULAR PLAN - WEEKLY IDCW (Payout/Reinvestment);INF760K01CB3;INF760K01811;10.2631;10.2631;10.2631;11-Jun-2010

Franklin Templeton Mutual Fund
100503;Franklin India Low Duration Fund - Monthly - IDCW;INF090I01BQ9;INF090I01BR7;10.1437;10.0930;10.1437;11-Jun-2010
100504;Franklin India Low Duration Fund - Quarterly - IDCW;INF090I01BS5;INF090I01BT3;10.6513;10.5980;10.6513;11-Jun-2010

HDFC Mutual Fund
105548;HDFC Low Duration  Fund - Daily IDCW;;INF179K01434;10.0315;10.0315;10.0315;11-Jun-2010
102452;HDFC Low Duration  Fund - Growth;INF179K01442;;20.1772;20.1772;20.1772;11-Jun-2010
105543;HDFC Low Duration  Fund - Monthly IDCW;INF179K01459;INF179K01467;10.0648;10.0648;10.0648;11-Jun-2010
102453;HDFC Low Duration  Fund - Weekly IDCW;INF179K01475;INF179K01483;10.0263;10.0263;10.0263;11-Jun-2010
105547;HDFC Low Duration Fund- Wholesale Daily Dividend;;INF179K01541;10.0315;10.0315;10.0315;11-Jun-2010
105546;HDFC Low Duration Fund- Wholesale Monthly Dividend;INF179K01509;INF179K01517;10.0656;10.0656;10.0656;11-Jun-2010
105545;HDFC Low Duration Fund- Wholesale Weekly Dividend;INF179K01525;;10.0266;10.0266;10.0266;11-Jun-2010
105544;HDFC Low Duration Fund- Wholesale- Growth;INF179K01491;;20.3874;20.3874;20.3874;11-Jun-2010

HSBC Mutual Fund
104344;HSBC Low Duration Fund  - Growth;INF336L01AH1;;12.7632;12.7632;12.7632;11-Jun-2010
104350;HSBC Low Duration Fund  - Regular - Growth;INF336L01AP4;;12.6718;12.6718;12.6718;11-Jun-2010
104342;HSBC Low Duration Fund - Daily IDCW;;INF336L01AO7;10.0122;10.0122;10.0122;11-Jun-2010
104346;HSBC Low Duration Fund - Inst. Plus - Monthly IDCW;INF336L01AN9;INF336L01AM1;10.3479;10.3479;10.3479;11-Jun-2010
104345;HSBC Low Duration Fund - Inst. Plus - Weekly IDCW;;INF336L01AK5;10.1739;10.1739;10.1739;11-Jun-2010
104349;HSBC Low Duration Fund - Inst.Plus - Daily IDCW;;INF336L01AS8;10.1256;10.1256;10.1256;11-Jun-2010
104351;HSBC Low Duration Fund - Regular Monthly IDCW;;INF336L01AG3;10.0125;10.0125;10.0125;11-Jun-2010
104343;HSBC Low Duration Fund - Weekly IDCW;;INF336L01AQ2;10.0414;10.0414;10.0414;11-Jun-2010
104347;HSBC Ultra Short Term Bond Fund - Inst. Plus - Growth;INF336L01AR0;;12.8904;12.8904;12.8904;11-Jun-2010

ICICI Prudential Mutual Fund
101618;ICICI Prudential Savings Fund - Daily IDCW;INF109K01738;;105.7350;105.7350;105.7350;11-Jun-2010
101619;ICICI Prudential Savings Fund - Growth;INF109K01746;;172.9881;172.9881;172.9881;11-Jun-2010
101617;ICICI Prudential Savings Fund - Weekly IDCW;INF109K01JO1;INF109K01753;105.4803;105.4803;105.4803;11-Jun-2010
111795;ICICI Prudential Savings Fund Retail Daily Dividend;INF109K01EI4;INF109K01BW1;100.2800;100.2800;100.2800;11-Jun-2010
111794;ICICI Prudential Savings Fund Retail Growth;INF109K01BX9;;105.6947;105.6947;105.6947;11-Jun-2010
111793;ICICI Prudential Savings Fund Retail Weekly Dividend;INF109K01EJ2;INF109K01BY7;100.2750;100.2750;100.2750;11-Jun-2010

Invesco Mutual Fund
105025;Invesco India Low Duration Fund - Daily IDCW (Reinvestment);;INF205K01HZ7;10.0171;10.0171;10.0171;11-Jun-2010
104726;Invesco India Low Duration Fund - Growth;INF205K01HY0;;12.7869;12.7869;12.7869;11-Jun-2010
104728;Invesco India Low Duration Fund - Regular - Growth;INF205K01HT0;;12.5530;12.5530;12.5530;11-Jun-2010
104723;Invesco India Low Duration Fund - Regular - Monthly IDCW (Reinvestment);;INF205K01HW4;10.0303;10.0303;10.0303;11-Jun-2010
104722;Invesco India Low Duration Fund - Regular - Weekly IDCW (Reinvestment);;INF205K01HV6;10.0216;10.0216;10.0216;11-Jun-2010
105024;Invesco India Low Duration Fund - Regular Daily IDCW (Reinvestment);;INF205K01HU8;10.0163;10.0163;10.0163;11-Jun-2010
104725;Invesco India Low Duration Fund - Weekly IDCW (Payout / Reinvestment);INF205K01IB6;INF205K01IA8;10.0217;10.0217;10.0217;11-Jun-2010
104724;Invesco India Ultra Short Term Fund - Regular - Bonus;INF205K01HX2;;12.1067;12.1067;12.1067;11-Jun-2010

LIC Mutual Fund
111676;LIC MF Low Duration Fund-Regular Plan-Daily IDCW;INF767K01AK3;INF767K01AL1;10.0000;10.0000;10.0000;11-Jun-2010
101830;LIC MF Low Duration Fund-Regular Plan-Growth;INF767K01AO5;;14.7836;14.7836;14.7836;11-Jun-2010
101829;LIC MF Low Duration Fund-Regular Plan-Monthly IDCW;INF767K01AM9;INF767K01AN7;10.0148;10.0148;10.0148;11-Jun-2010
111675;LIC MF Low Duration Fund-Regular Plan-Weekly IDCW;INF767K01AP2;INF767K01AQ0;10.0053;10.0053;10.0053;11-Jun-2010

Mirae Asset Mutual Fund
107698;Mirae Asset Savings Fund-Regular Plan- Daily Dividend;;INF769K01895;993.4440;992.4506;993.4440;11-Jun-2010
107695;Mirae Asset Savings Fund-Regular Plan- Growth;INF769K01846;;1042.5056;1041.4631;1042.5056;11-Jun-2010
107697;Mirae Asset Savings Fund-Regular Plan- Monthly Dividend;INF769K01879;INF769K01911;995.7975;994.8017;995.7975;11-Jun-2010
107696;Mirae Asset Savings Fund-Regular Plan- Weekly Dividend;;INF769K01903;993.3798;992.3864;993.3798;11-Jun-2010

Nippon India Mutual Fund
111747;NIPPON INDIA LOW DURATION FUND - DAILY IDCW Option;;INF204K01EX2;1001.3715;1001.3715;1001.3715;11-Jun-2010
111749;NIPPON INDIA LOW DURATION FUND - MONTHLY IDCW Option;INF204K01EZ7;INF204K01FA7;1009.6755;1009.6755;1009.6755;11-Jun-2010
111744;NIPPON INDIA LOW DURATION FUND - RETAIL Plan - DAILY IDCW Option;;INF204K01EP8;1001.1218;1001.1218;1001.1218;11-Jun-2010
111748;Nippon India Low Duration Fund - Retail Plan - Growth Plan - Growth Option;INF204K01EN3;;1256.9337;1256.9337;1256.9337;11-Jun-2010
111743;Nippon India Low Duration Fund - Retail Plan - Growth Plan -Bonus Option;INF204K01EO1;;1248.6795;1248.6795;1248.6795;11-Jun-2010
111751;NIPPON INDIA LOW DURATION FUND - RETAIL Plan - MONTHLY IDCW Option;INF204K01ER4;INF204K01ES2;1010.6270;1010.6270;1010.6270;11-Jun-2010
111752;NIPPON INDIA LOW DURATION FUND - RETAIL Plan - QUARTERLY IDCW Option;INF204K01ET0;INF204K01EU8;1032.7568;1032.7568;1032.7568;11-Jun-2010
111745;NIPPON INDIA LOW DURATION FUND - RETAIL Plan - WEEKLY IDCW Option;INF204K01OP7;INF204K01EQ6;1002.9398;1002.9398;1002.9398;11-Jun-2010
111754;NIPPON INDIA LOW DURATION FUND - WEEKLY IDCW Option;INF204K01OO0;INF204K01EY0;1001.8698;1001.8698;1001.8698;11-Jun-2010
111753;Nippon India Low Duration Fund- Growth Plan - Growth Option;INF204K01EV6;;1267.4499;1267.4499;1267.4499;11-Jun-2010

Principal Mutual Fund
105462;Principal Floating Rate Fund - Conservative - Daily Dividend Option;;;10.0122;10.0122;10.0122;11-Jun-2010
102721;Principal Floating Rate Fund - FMP-Monthly Dividend;;;10.6908;10.6908;10.6908;11-Jun-2010
102720;Principal Floating Rate Fund - FMP-Weekly Dividend;;;10.002;10.002;10.002;11-Jun-2010
102719;Principal Low Duration Fund - Growth;;;14.5476;14.5476;14.5476;11-Jun-2010
102723;Principal Low Duration Fund - Weekly Income Distribution CUM Capital Withdrawal Option;;INF173K01DI2;10.002;10.002;10.002;11-Jun-2010
105461;Principal Low Duration Fund -Daily Income Distribution CUM Capital Withdrawal Option;;INF173K01DH4;10.0123;10.0123;10.0123;11-Jun-2010
102722;Principal Low Duration Fund- Growth Option;INF173K01DG6;;14.7124;14.7124;14.7124;11-Jun-2010
102724;Principal Low Duration Fund- Monthly Income Distribution CUM Capital Withdrawal Option;INF173K01DJ0;INF173K01DK8;10.5921;10.5921;10.5921;11-Jun-2010

SBI Mutual Fund
106213;SBI Magnum Low Duration Fund - Regular Plan - Daily Income Distribution cum Capital Withdrawal Option (IDCW);;INF200K01ML8;10.006;10.006;10.006;11-Jun-2010
106215;SBI Magnum Low Duration Fund - Regular Plan - Fornightly Income Distribution cum Capital Withdrawal Option (IDCW);INF200K01MM6;INF200K01MN4;10.0314;10.0314;10.0314;11-Jun-2010
106212;SBI MAGNUM LOW DURATION FUND - REGULAR PLAN - GROWTH;INF200K01MO2;;11.9454;11.9454;11.9454;11-Jun-2010
106216;SBI Magnum Low Duration Fund - Regular Plan - Monthly Income Distribution cum Capital Withdrawal Option (IDCW);INF200K01MP9;INF200K01MQ7;10.2336;10.2336;10.2336;11-Jun-2010
106214;SBI Magnum Low Duration Fund - Regular Plan - Weekly Income Distribution cum Capital Withdrawal Option (IDCW);INF200K01MR5;INF200K01MS3;10.077;10.077;10.077;11-Jun-2010
106221;SBI Short Horizon Debt Fund - Ultra Short Term Fund - Institutional Plan - Daily Income Distribution cum Capital Withdrawal Option (IDCW);;INF200K01MD5;10.006;10.006;10.006;11-Jun-2010
106217;SBI Short Horizon Debt Fund - Ultra Short Term Fund - Institutional Plan - Growth;INF200K01MG8;;12.1079;12.1079;12.1079;11-Jun-2010
106224;SBI Short Horizon Debt Fund - Ultra Short Term Fund - Institutional Plan - Monthly Income Distribution cum Capital Withdrawal Option (IDCW);INF200K01MH6;INF200K01MI4;10.3336;10.3336;10.3336;11-Jun-2010
106222;SBI Short Horizon Debt Fund - Ultra Short Term Fund- Institutional Plan - Weekly Income Distribution cum Capital Withdrawal Option (IDCW);INF200K01MJ2;INF200K01MK0;10.0829;10.0829;10.0829;11-Jun-2010
106223;SBI Short Horizon Debt Fund -Ultra Short Term Fund - Institutional Plan - Fortnightly Income Distribution cum Capital Withdrawal Option (IDCW);INF200K01ME3;INF200K01MF0;N.A.;N.A.;N.A.;11-Jun-2010

Sundaram Mutual Fund
105554;Sundaram Low Duration Fund Institutional Plan - Daily Reinvestment of Income Distribution cum Capital Withdrawal (IDCW);;INF903J01RE3;10.0370;10.0370;0.0000;11-Jun-2010
105560;Sundaram Low Duration Fund Institutional Plan - Fortnightly Income Distribution cum Capital Withdrawal (IDCW);INF903J01JM3;INF903J01EK8;10.4066;10.4066;0.0000;11-Jun-2010
105562;Sundaram Low Duration Fund Institutional Plan - Growth;INF903J01EG6;;12.4255;12.4255;0.0000;11-Jun-2010
105561;Sundaram Low Duration Fund Institutional Plan - Income Distribution cum Capital Withdrawal (IDCW);INF903J01EH4;INF903J01EL6;10.3739;10.3739;0.0000;11-Jun-2010
105559;Sundaram Low Duration Fund Institutional Plan - Weekly Income Distribution cum Capital Withdrawal (IDCW);INF903J01JL5;INF903J01EJ0;10.6081;10.6081;0.0000;11-Jun-2010
105555;Sundaram Low Duration Fund Institutional Plan -Income Distribution cum Capital Withdrawal (IDCW);INF903J01JN1;INF903J01EM4;0.0000;0.0000;0.0000;11-Jun-2010
105565;Sundaram Low Duration Fund Regular Plan - Daily Reinvestment of Income Distribution cum Capital Withdrawal (IDCW);;INF903J01EP7;10.0370;10.0370;0.0000;11-Jun-2010
105557;Sundaram Low Duration Fund Regular Plan - Fortnightly Income Distribution cum Capital Withdrawal (IDCW);INF903J01JP6;INF903J01ER3;0.0000;0.0000;0.0000;11-Jun-2010
105563;Sundaram Low Duration Fund Regular Plan - Growth;INF903J01EN2;;12.5399;12.5399;0.0000;11-Jun-2010
105566;Sundaram Low Duration Fund Regular Plan - Income Distribution cum Capital Withdrawal (IDCW);INF903J01EO0;INF903J01ES1;0.0000;0.0000;0.0000;11-Jun-2010
105556;Sundaram Low Duration Fund Regular Plan - Weekly Income Distribution cum Capital Withdrawal (IDCW);INF903J01JO9;INF903J01EQ5;10.5928;10.5928;0.0000;11-Jun-2010
105558;Sundaram Low Duration Fund Regular Plan -Income Distribution cum Capital Withdrawal (IDCW);INF903J01JQ4;INF903J01ET9;0.0000;0.0000;0.0000;11-Jun-2010
105553;Sundaram Low Duration Fund Retail Plan - Daily Reinvestment of Income Distribution cum Capital Withdrawal (IDCW);;INF903J01EB7;10.0370;10.0370;0.0000;11-Jun-2010
105550;Sundaram Low Duration Fund Retail Plan - Fortnightly Income Distribution cum Capital Withdrawal (IDCW);INF903J01JJ9;INF903J01ED3;10.3846;10.3846;0.0000;11-Jun-2010
105564;Sundaram Low Duration Fund Retail Plan - Growth;INF903J01DZ8;;12.3035;12.3035;0.0000;11-Jun-2010
105551;Sundaram Low Duration Fund Retail Plan - Income Distribution cum Capital Withdrawal (IDCW);INF903J01EA9;INF903J01EE1;10.3264;10.3264;0.0000;11-Jun-2010
105549;Sundaram Low Duration Fund Retail Plan - Weekly Income Distribution cum Capital Withdrawal (IDCW);INF903J01JI1;INF903J01EC5;10.5876;10.5876;0.0000;11-Jun-2010
105552;Sundaram Low Duration Fund Retail Plan -Income Distribution cum Capital Withdrawal (IDCW);INF903J01JK7;INF903J01EF8;10.7468;10.7468;0.0000;11-Jun-2010

Tata Mutual Fund
103159;Tata Treasury Advantage Fund - Regular Plan - Growth Option;INF277K01MA9;;13.8676;13.8676;13.8676;11-Jun-2010
103160;Tata Treasury Advantage Fund Regular Plan - Daily Reinvestment of IDCW Option;;INF277K01LZ8;10.0356;10.0356;10.0356;11-Jun-2010
103158;Tata Treasury Advantage Fund Regular Plan - Weekly Payout of IDCW Option;INF277K01MD3;INF277K01MB7;10.0852;10.0852;10.0852;11-Jun-2010

UTI Mutual Fund
102538;UTI Low Duration Fund - Discontinued - Annaul Dividend Option;INF789F01OK8;INF789F01OL6;1267.8118;1267.8118;1267.8118;11-Jun-2010
105578;UTI Low Duration Fund - Discontinued - Periodic Dividend Plan;;INF789F01349;1041.7765;1041.7765;1041.7765;11-Jun-2010
102541;UTI Low Duration Fund - Discontinued - Quarterly Dividend Option;INF789F01OO0;INF789F01OP7;1281.4497;1281.4497;1281.4497;11-Jun-2010
102539;UTI Low Duration Fund - Discontinued Bonus Option;INF789F01OM4;;1572.8258;1572.8258;1572.8258;11-Jun-2010
105659;UTI Low Duration Fund - Discontinued Flexi Dividend Plan;INF789F01PA6;;1036.3561;1036.3561;1036.3561;11-Jun-2010
102540;UTI Low Duration Fund - Discontinued Growth Option;INF789F01331;;2359.4942;2359.4942;2359.4942;11-Jun-2010
105670;UTI Low Duration Fund - Discontinued Monthly Dividend Option;INF789F01OY9;INF789F01OZ6;1026.3138;1026.3138;1026.3138;11-Jun-2010
102545;UTI Low Duration Fund - Regular Plan - Bonus Option;INF789F01OS1;;1461.5405;1461.5405;1461.5405;11-Jun-2010
105605;UTI Low Duration Fund - Regular Plan - Daily IDCW (Reinvestment);;INF789F01ON2;1000.2141;1000.2141;1000.2141;11-Jun-2010
102544;UTI Low Duration Fund - Regular Plan - Growth Option;INF789F01OT9;;1249.0125;1249.0125;1249.0125;11-Jun-2010
105658;UTI Low Duration Fund - Regular Plan - Monthly IDCW;INF789F01OU7;INF789F01OV5;1001.3977;1001.3977;1001.3977;11-Jun-2010
105627;UTI Low Duration Fund - Regular Plan - Weekly IDCW;INF789F01PB4;INF789F01PC2;1004.6589;1004.6589;1004.6589;11-Jun-2010

Open Ended Schemes ( Debt Scheme - Money Market Fund )


Aditya Birla Sun Life Mutual Fund
101975;Aditya Birla Sun Life Floating Rate Fund-Short Term Plan-Institutional Fortnightly Dividend;;;10.0000;10.0000;10.0000;11-Jun-2010
101973;Aditya Birla Sun Life Money Manager Fund - Daily IDCW;;INF209K01SZ6;10.0000;10.0000;10.0000;11-Jun-2010
101976;Aditya Birla Sun Life Money Manager Fund - Growth;INF209K01RV7;;12.3224;12.3224;12.3224;11-Jun-2010
101972;Aditya Birla Sun Life Money Manager Fund - Retail - Daily IDCW;;INF209K01JZ5;10.0015;10.0015;10.0015;11-Jun-2010
101970;Aditya Birla Sun Life Money Manager Fund - RETAIL - WEEKLY IDCW;;INF209K01JY8;10.3849;10.3849;10.3849;11-Jun-2010
101971;Aditya Birla Sun Life Money Manager Fund - Retail Growth;INF209K01MJ3;;15.2914;15.2914;15.2914;11-Jun-2010
101974;Aditya Birla Sun Life Money Manager Fund - WEEKLY IDCW;;INF209K01SY9;10.0176;10.0176;10.0176;11-Jun-2010
111808;Birla Sun Life Floating Rate - Long Term - Growth;;;10.9281;10.9008;10.9281;11-Jun-2010
101969;Birla Sun Life Floating Rate - Long Term - Retail - Growth;;;15.9395;15.8997;15.9395;11-Jun-2010
111807;Birla Sun Life Floating Rate - Long Term - Weekly Dividend;;;10.0047;9.9797;10.0047;11-Jun-2010
111551;Birla Sun Life Floating Rate Fund-Long Term - Retail Plan-Daily Dividend;;;10.0050;9.9800;10.0050;11-Jun-2010
101968;Birla Sun Life Floating Rate Fund-Long Term - Retail Plan-Dividend;;INF209K01DS3;10.5406;10.5142;10.5406;11-Jun-2010
105614;Birla Sun Life Floating Rate Fund-Long Term - Retail Plan-Weekly Dividend;;;10.0044;9.9794;10.0044;11-Jun-2010

Bandhan Mutual Fund
108698;Bandhan Money Market Fund - Daily Dividend;INF194K01MF5;INF194K01ME8;10.0015;10.0015;10.0015;11-Jun-2010
108697;Bandhan Money Market Fund - Growth;INF194K01MD0;;11.0254;11.0254;11.0254;11-Jun-2010
108700;Bandhan Money Market Fund - Monthly Dividend;INF194K01ML3;INF194K01MK5;10.0150;10.0150;10.0150;11-Jun-2010
108701;Bandhan Money Market Fund - Regular Plan - Weekly IDCW;INF194K01LR2;INF194K01LQ4;10.0128;10.0128;10.0128;11-Jun-2010
108699;Bandhan Money Market Fund - Weekly Dividend;INF194K01MI9;INF194K01MH1;10.0115;10.0115;10.0115;11-Jun-2010
108650;BANDHAN Money Market Fund - Regular Plan - Daily IDCW;INF194K01LL5;INF194K01LK7;10.0699;10.0699;10.0699;11-Jun-2010
108756;BANDHAN Money Market Fund - Regular Plan - Growth;INF194K01LJ9;;14.9565;14.9565;14.9565;11-Jun-2010
108757;BANDHAN Money Market Fund - Regular Plan - Monthly IDCW;INF194K01LO9;INF194K01LN1;10.0879;10.0879;10.0879;11-Jun-2010

DSP Mutual Fund
100087;DSP Savings Fund - Regular Plan - Growth;INF740K01714;;19.5654;19.5654;19.5654;11-Jun-2010
100088;DSP Savings Fund - Regular Plan - IDCW;INF740K01706;INF740K01AJ2;11.2206;11.2206;11.2206;11-Jun-2010
100089;DSP Savings Fund - Regular Plan - IDCW - Monthly;INF740K01722;INF740K01AK0;10.1458;10.1458;10.1458;11-Jun-2010

Franklin Templeton Mutual Fund
101357;Franklin India Money Market Fund - Growth Option;INF090I01CA1;;17.0005;16.9580;17.0005;11-Jun-2010
101359;Franklin India Money Market Fund - Institutional Option - Dividend;INF090I01BW7;INF090I01BV9;10.3429;10.3170;10.3429;11-Jun-2010
101358;Franklin India Money Market Fund - Institutional Option - Growth;INF090I01BX5;;14.1077;14.0724;14.1077;11-Jun-2010
101356;Franklin India Money Market Fund Retail Option - Quarterly - IDCW;INF090I01BZ0;INF090I01BY3;10.8152;10.7882;10.8152;11-Jun-2010
105654;Templeton Floating Rate Income Fund -  Super Institutional Plan - Growth;INF090I01CB9;;12.7408;12.7089;12.7408;11-Jun-2010
105904;Templeton Floating Rate Income Fund - Super Institutional Plan - Daily Dividend;;INF090I01CC7;10.0100;9.9850;10.0100;11-Jun-2010
101352;Templeton Floating Rate Income Fund-Short Term Plan-Dividend Option;;;10.0587;10.0587;10.0587;11-Jun-2010
101353;Templeton Floating Rate Income Fund-Short Term Plan-Growth Option;;;16.7807;16.7807;16.7807;11-Jun-2010
101355;Templeton Floating Rate Income Fund-Short Term Plan-Institutional Option - Dividend;;;10.1564;10.1564;10.1564;11-Jun-2010
101354;Templeton Floating Rate Income Fund-Short Term Plan-Institutional Option - Growth;;;13.8745;13.8745;13.8745;11-Jun-2010

HDFC Mutual Fund
101994;HDFC Money Market Fund - Daily IDCW Option;;INF179KB1IG6;10.6364;10.6364;10.6364;11-Jun-2010
101993;HDFC Money Market Fund - Growth Option;INF179KB1HR5;;19.4263;19.4263;19.4263;11-Jun-2010
101995;HDFC Money Market Fund - Weekly IDCW Option;INF179KB1IH4;INF179KB1II2;10.6347;10.6347;10.6347;11-Jun-2010

ICICI Prudential Mutual Fund
101221;ICICI Prudential Money Market Fund Retail Growth (erstwhile Cash Option);INF109K01TW3;;151.2557;151.2557;151.2557;11-Jun-2010
103634;ICICI Prudential Money Market Fund Option - Daily IDCW;INF109K01TY9;;100.0100;100.0100;100.0100;11-Jun-2010
103633;ICICI Prudential Money Market Fund Option - Growth;INF109K01TX1;;129.9849;129.9849;129.9849;11-Jun-2010
103637;ICICI Prudential Money Market Fund Option - Monthly IDCW;INF109K01UC3;INF109K01UB5;100.3609;100.3609;100.3609;11-Jun-2010
103635;ICICI Prudential Money Market Fund Option - Weekly IDCW;INF109K01TZ6;;100.0929;100.0929;100.0929;11-Jun-2010
103636;ICICI Prudential Money Market Fund Option -Fortnightly IDCW;INF109K01UA7;;100.3398;100.3398;100.3398;11-Jun-2010

Invesco Mutual Fund
112123;Invesco India Money Market Fund - Growth;INF205K01SD1;;10.4290;10.4029;10.4290;11-Jun-2010
112125;Invesco India Money Market Fund - Monthly IDCW (Payout / Reinvestment);INF205K01SE9;INF205K01SF6;10.0276;10.0025;10.0276;11-Jun-2010
112120;Invesco India Money Market Fund - Regular - Growth;INF205K01SG4;;10.4091;10.3831;10.4091;11-Jun-2010
112122;Invesco India Money Market Fund - Regular - Monthly IDCW (Payout / Reinvestment);INF205K01SH2;INF205K01SI0;10.1329;10.1076;10.1329;11-Jun-2010

Kotak Mahindra Mutual Fund
106842;Kotak Money Market Fund - (Daily Reinvestment of Income Distribution cum capital withdrawal option);INF174K01ND0;;10.1162;10.1162;10.1162;11-Jun-2010
101893;Kotak Money Market Fund - (Growth);INF174K01NA6;;15.2065;15.2065;15.2065;11-Jun-2010
101892;Kotak Money market Fund - (Monthly Payout of Income Distribution cum capital withdrawal option);INF174K018O0;INF174K01NB4;10.0345;10.0345;10.0345;11-Jun-2010
101894;Kotak Money Market Fund - (Weekly Reinvestment of Income Distribution cum capital withdrawal option);INF174K01NC2;;10.0537;10.0537;10.0537;11-Jun-2010

Nippon India Mutual Fund
103050;NIPPON INDIA MONEY MARKET FUND - DAILY IDCW Option;;INF204K01UY6;10.0051;10.0051;10.0051;11-Jun-2010
103051;NIPPON INDIA MONEY MARKET FUND - WEEKLY IDCW Option;;INF204K01UZ3;10.0035;10.0035;10.0035;11-Jun-2010
103048;Nippon India Money Market Fund-Growth Plan-Growth Option;INF204K01VA4;;13.9904;13.9904;13.9904;11-Jun-2010

quant Mutual Fund
103465;Quant Money Market Fund-Dividend Option;INF966L01382;INF966L01390;13.5458;13.5458;13.5458;11-Jun-2010
103464;Quant Money Market Fund-Growth Option;INF966L01408;;13.5486;13.5486;13.5486;11-Jun-2010

SBI Mutual Fund
102503;SBI  SAVINGS FUND - REGULAR PLAN - GROWTH;INF200K01636;;14.3547;14.326;14.3547;11-Jun-2010
102504;SBI Savings Fund - Regular Plan - Income Distribution cum Capital Withdrawal Option (IDCW);INF200K01644;INF200K01651;10.5523;10.5312;10.5523;11-Jun-2010
102860;SBI Savings Fund - Regular Plan Weekly Income Distribution cum Capital Withdrawal Option (IDCW);INF200K01669;INF200K01677;10.7141;10.6927;10.7141;11-Jun-2010

Tata Mutual Fund
101986;Tata Money Market Fund- Regular Plan - Daily Reinvestment of IDCW Option;;INF277K014C0;1114.5200;1114.5200;1114.5200;11-Jun-2010
101847;Tata Money Market Fund-Regular Plan - Growth Option;INF277K01LQ7;;1714.8144;1714.8144;1714.8144;11-Jun-2010

UTI Mutual Fund
112077;UTI MMF - Regular Plan - Growth Option;INF789F01PX8;;1040.8426;1040.8426;1040.8426;11-Jun-2010
100724;UTI MMF- Discontinued - Regular Plan - Flexi Dividend Option;;INF789F01BD0;1857.3727;1857.3727;1857.3727;11-Jun-2010
100725;UTI MMF- Discontinued - Regular Plan - Periodic Dividend Option;INF789F01BE8;;1846.7959;1846.7959;1846.7959;11-Jun-2010
100723;UTI MMF-Discontinued - Regular Plan -Growth;INF789F01BF5;;2592.6952;2592.6952;2592.6952;11-Jun-2010
112076;UTI Money Market Fund - Regular Plan - Daily IDCW (Reinvestment);;INF789F01PW0;1003.3854;1003.3854;1003.3854;11-Jun-2010

Open Ended Schemes ( Debt Scheme - Short Duration Fund )


Aditya Birla Sun Life Mutual Fund
101844;Aditya Birla Sun Life Short Term Fund - Growth - Regular Plan;INF209K01942;;14.4415;14.4054;14.4415;11-Jun-2010
101843;Aditya Birla Sun Life Short Term Fund - REGULAR - IDCW;INF209K01975;INF209K01DK0;10.3226;10.2968;10.3226;11-Jun-2010
112356;Aditya Birla Sun Life Short Term Fund - REGULAR - Quarterly IDCW;INF209K01BU3;;10.0066;9.9816;10.0066;11-Jun-2010
109216;Aditya Birla Sun Life Short Term Fund-Institutional Dividend Plan;INF209K01959;;10.0000;9.9750;10.0000;11-Jun-2010
109213;Aditya Birla Sun Life Short Term Fund-Institutional Growth Plan;INF209K01967;;10.5735;10.5471;10.5735;11-Jun-2010
112357;Aditya Birla Sun Life Short Term Fund-Institutional Quarterly Dividend Plan;INF209K01BV1;;10.0065;9.9815;10.0065;11-Jun-2010

Axis Mutual Fund
112354;Axis Short Duration Fund - Regular Plan - Growth Option;INF846K01644;;10.2071;10.2071;10.2071;11-Jun-2010
112355;Axis Short Duration Fund - Regular Plan - Monthly IDCW;INF846K01651;INF846K01669;10.0537;10.0537;10.0537;11-Jun-2010
112369;Axis Short Duration Fund - Regular Plan - Weekly IDCW;INF846K01677;INF846K01685;10.0183;10.0183;10.0183;11-Jun-2010
112721;Axis Short Duration Fund - Retail Plan - Growth Option;INF846K01594;;10.1819;10.1819;10.1819;11-Jun-2010
112723;Axis Short Duration Fund - Retail Plan - Monthly IDCW;INF846K01602;INF846K01610;10.0568;10.0568;10.0568;11-Jun-2010
112722;Axis Short Duration Fund - Retail Plan - Weekly IDCW;INF846K01628;INF846K01636;10.0216;10.0216;10.0216;11-Jun-2010

Bandhan Mutual Fund
108713;BANDHAN Bond Fund - Short Term - Regular Plan - Fortnightly IDCW;INF194K01HK5;INF194K01HJ7;10.0757;10.0757;10.0757;11-Jun-2010
108716;BANDHAN Bond Fund - Short Term Plan - Plan B - Fortnightly Dividend;INF194K01HR0;INF194K01HQ2;10.1045;10.1045;10.1045;11-Jun-2010
108714;BANDHAN Bond Fund - Short Term Plan - Plan C  - Fortnightly Dividend;INF194K01HV2;INF194K01HU4;10.0797;10.0797;10.0797;11-Jun-2010
108717;BANDHAN Bond Fund - Short Term Plan - Plan C  - Growth;INF194K01HT6;;10.8474;10.8474;10.8474;11-Jun-2010
108718;BANDHAN Bond Fund - Short Term Plan - Plan C  - Monthly Dividend;INF194K01HY6;INF194K01HX8;10.1773;10.1773;10.1773;11-Jun-2010
108719;BANDHAN Bond Fund - Short Term Plan - Plan D - Growth;INF194K01IA4;;12.4846;12.4846;12.4846;11-Jun-2010
108720;BANDHAN Bond Fund - Short Term Plan - Plan D - Monthly Dividend;INF194K01IF3;INF194K01IE6;10.0967;10.0967;10.0967;11-Jun-2010
108715;BANDHAN Bond Fund - Short Term Plan - Plan D- Fortnightly Dividend;INF194K01IC0;INF194K01IB2;10.0546;10.0546;10.0546;11-Jun-2010

Bank of India Mutual Fund
111586;BANK OF INDIA Short Term Income Fund-Institutional Plan- Growth;INF761K01512;;10.5466;10.5202;10.5466;11-Jun-2010
111591;BANK OF INDIA Short Term Income Fund-Institutional Plan-Monthly Dividend;INF761K01538;INF761K01520;10.1408;10.1154;10.1408;11-Jun-2010
111587;BANK OF INDIA Short Term Income Fund-Institutional Plan-Weekly Dividend;INF761K01561;;10.0129;9.9879;10.0129;11-Jun-2010
111585;BANK OF INDIA Short Term Income Fund-Regular Plan- Growth;INF761K01579;;10.5059;10.4796;10.5059;11-Jun-2010
111589;BANK OF INDIA Short Term Income Fund-Regular Plan- Monthly IDCW;INF761K01595;INF761K01587;10.1328;10.1075;10.1328;11-Jun-2010
111590;BANK OF INDIA Short Term Income Fund-Regular Plan- Quarterly IDCW;INF761K01611;INF761K01603;10.3028;10.2770;10.3028;11-Jun-2010

DSP Mutual Fund
101306;DSP Short Term Fund - IDCW - Monthly;INF740K01664;INF740K01AG8;10.7622;10.7622;10.7622;11-Jun-2010
101304;DSP Short Term Fund - Regular Plan - Growth;INF740K01656;;15.9121;15.9121;15.9121;11-Jun-2010
101305;DSP Short Term Fund - Regular Plan - IDCW;INF740K01649;INF740K01AF0;10.9350;10.9350;10.9350;11-Jun-2010
101303;DSP Short Term Fund - Regular Plan - Regular Plan - IDCW - Weekly;INF740KA1PF4;;10.1814;10.1814;10.1814;11-Jun-2010

Franklin Templeton Mutual Fund
101236;Franklin India Short Term Income Plan -  Retail Plan - Monthly - IDCW;INF090I01338;INF090I01346;1121.2273;1115.6212;1121.2273;11-Jun-2010
101238;Franklin India Short Term Income Plan -  Retail Plan - Quarterly - IDCW;INF090I01312;INF090I01320;1098.6952;1093.2017;1098.6952;11-Jun-2010
101242;Franklin India Short Term Income Plan -  Retail Plan - Weekly - IDCW;INF090I01353;;1076.6863;1071.3029;1076.6863;11-Jun-2010
101232;Franklin India Short-Term Income Plan-Growth;INF090I01304;;1872.2142;1862.8531;1872.2142;11-Jun-2010
101244;Franklin India Short-Term Income Plan-Institutional Plan - Growth;INF090I01361;;1502.2337;1494.7225;1502.2337;11-Jun-2010
101246;Franklin India Short-Term Income Plan-Institutional Plan - Monthly Dividend;INF090I01387;INF090I01395;1154.0354;1148.2652;1154.0354;11-Jun-2010
101237;Franklin India Short-Term Income Plan-Weekly Bonus;INF090I01DY9;;1103.2509;1097.7346;1103.2509;11-Jun-2010
101245;Templeton India Short-Term Income Plan-Institutional Plan - Weekly Dividend;;INF090I01379;1013.5761;1008.5082;1013.5761;11-Jun-2010

HSBC Mutual Fund
101597;HSBC Income Fund - Short Term - Inst. - Growth;INF336L01966;;12.4827;12.4827;12.4827;11-Jun-2010
108363;HSBC Income Fund - Short Term - Inst. Plus - Growth;INF336L01925;;10.0696;10.0696;10.0696;11-Jun-2010
108253;HSBC Income Fund Short Term Instl Plus Monthly IDCW;INF336L01941;INF336L01933;10.1644;10.1644;10.1644;11-Jun-2010
108254;HSBC Income Fund Short Term Instl Plus Weekly IDCW;;INF336L01958;10.0678;10.0678;10.0678;11-Jun-2010
101598;HSBC Income Fund-Short Term-Institutional-IDCW;INF336L01974;INF336L01AB4;0.0000;0.0000;0.0000;11-Jun-2010
104429;HSBC Short Duration Fund - Closed (Direct - Monthly IDCW);;INF336L01982;10.1507;10.1507;10.1507;11-Jun-2010
101600;HSBC Short Duration Fund - Closed (Monthly IDCW);INF336L01990;INF336L01AA6;10.9170;10.9170;10.9170;11-Jun-2010
104430;HSBC Short Duration Fund - Institutional-Weekly IDCW;;INF336L01AC2;10.4436;10.4436;10.4436;11-Jun-2010
101599;HSBC Short Duration Fund - Regular Growth;INF336L01917;;15.8019;15.8019;15.8019;11-Jun-2010

ICICI Prudential Mutual Fund
101758;ICICI Prudential Short Term Fund - Growth Option;INF109K01654;;19.3064;19.3064;19.3064;11-Jun-2010
101759;ICICI Prudential Short Term Fund - Reinvestment of IDCW Fortnightly;INF109KB12M9;INF109K01662;11.7708;11.7708;11.7708;11-Jun-2010
101165;ICICI Prudential Short Term Fund - Monthly IDCW;INF109K01WL0;INF109K01647;11.7589;11.7589;11.7589;11-Jun-2010
101229;ICICI Prudential Short Term Fund - Institutional Plan - Dividend Monthly;INF109K01WK2;INF109K01670;12.0729;12.0729;12.0729;11-Jun-2010
101231;ICICI Prudential Short Term Fund-Institutional Growth;INF109K01696;;19.6112;19.6112;19.6112;11-Jun-2010
101230;ICICI Prudential Short Term Fund-Institutional Plan-Dividend Fortnightly;INF109K01688;;12.0363;12.0363;12.0363;11-Jun-2010

Invesco Mutual Fund
105185;Invesco India Short Duration Fund - Growth;INF205K01UN6;;12.6131;12.6131;12.6131;11-Jun-2010
105191;Invesco India Short Duration Fund - Monthly IDCW (Payout / Reinvestment);INF205K01UO4;INF205K01UP1;10.1947;10.1947;10.1947;11-Jun-2010
105189;Invesco India Short Duration Fund - Plan B - Growth;INF205K01UR7;;12.7181;12.7181;12.7181;11-Jun-2010
105187;Invesco India Short Duration Fund - Plan B - Monthly IDCW (Payout / Reinvestment);INF205K01US5;INF205K01UT3;10.1999;10.1999;10.1999;11-Jun-2010
105192;Invesco India Short Duration Fund - Plan B - Weekly IDCW (Reinvestment);;INF205K01UU1;10.1607;10.1607;10.1607;11-Jun-2010
105190;Invesco India Short Duration Fund - Weekly IDCW (Reinvestment);;INF205K01UV9;10.1660;10.1660;10.1660;11-Jun-2010
105186;Invesco India Short Term Fund- Plan B - Daily Dividend;;INF205K01UQ9;10.0588;10.0588;10.0588;11-Jun-2010

JM Financial Mutual Fund
101524;JM Short Term Fund - Dividend Option;INF192K01BE5;INF192K01BF2;10.4119;10.4119;10.4119;11-Jun-2010
101521;JM Short Term Fund - Growth Option;INF192K01BG0;;13.1571;13.1571;13.1571;11-Jun-2010
101519;JM Short Term Fund - Regular Plan - Dividend Option;INF192K01BA3;INF192K01BB1;11.4735;11.4735;11.4735;11-Jun-2010
101520;JM Short Term Fund - Regular Plan - Growth Option;INF192K01BC9;;18.2566;18.2566;18.2566;11-Jun-2010

Kotak Mahindra Mutual Fund
101373;Kotak Bond Short Term Plan-(Growth);INF174K01ES7;;18.0224;17.9323;18.0224;11-Jun-2010
101372;Kotak Bond Short Term Plan-(Payout of Income Distribution cum capital withdrawal option);INF174K01EU3;INF174K01ET5;10.1453;10.0946;10.1453;11-Jun-2010

Nippon India Mutual Fund
101667;NIPPON INDIA SHORT DURATION FUND - MONTHLY IDCW Option;INF204K01FM2;INF204K01FN0;10.6416;10.6416;10.6416;11-Jun-2010
101669;NIPPON INDIA SHORT TERM FUND - QUARTERLY IDCW OPTION;INF204K01FO8;INF204K01FP5;13.5223;13.5223;13.5223;11-Jun-2010
101665;Nippon India Short Term Fund-Growth Plan;INF204K01FL4;;17.6214;17.6214;17.6214;11-Jun-2010

Principal Mutual Fund
101467;Principal Income Fund - Short Term Plan-Institutional - Weekly Dividend Plan;;;10.825;10.825;10.825;11-Jun-2010
101466;Principal Short Term Debt Fund - Income Distribution CUM Capital Withdrawal Option - Monthly;INF173K01BB1;INF173K01BC9;11.7744;11.7744;11.7744;11-Jun-2010
101465;Principal Short Term Debt Fund- Growth Plan;INF173K01BA3;;16.3624;16.3624;16.3624;11-Jun-2010
101462;Principal Short Term Plan-Dividend;;;10.7403;10.7403;10.7403;11-Jun-2010
101463;Principal Short Term Plan-Growth;;;17.4408;17.4408;17.4408;11-Jun-2010

SBI Mutual Fund
106230;SBI Short Horizon Debt Fund - Short Term Fund - Retail Dividend - Fortnightly Income Distribution cum Capital Withdrawal Option (IDCW);INF200K01IA9;INF200K01IB7;10.5598;10.507;10.5598;11-Jun-2010
106229;SBI Short Horizon Debt Fund - Short Term Fund - Retail Dividend - Monthly Income Distribution cum Capital Withdrawal Option (IDCW);INF200K01IC5;INF200K01ID3;10.4444;10.3922;10.4444;11-Jun-2010
106228;SBI Short Horizon Debt Fund - Short Term Fund - Retail Dividend - Weekly Income Distribution cum Capital Withdrawal Option (IDCW);INF200K01IE1;INF200K01IF8;10.501;10.4485;10.501;11-Jun-2010
106227;SBI SHORT HORIZON DEBT FUND-SHORT TERM FUND - RETAIL - GROWTH;INF200K01IG6;;12.2179;12.1568;12.2179;11-Jun-2010
106233;SBI Short Term Debt Fund - Regular Plan - Monthly Income Distribution cum Capital Withdrawal Option (IDCW);INF200K01HV7;INF200K01HW5;10.8079;10.8079;10.8079;11-Jun-2010
106231;SBI SHORT TERM DEBT FUND - REGULAR PLAN -GROWTH;INF200K01HZ8;;10.7431;10.7431;10.7431;11-Jun-2010
106234;SBI Short Term Debt Fund - Regular Plan Fortnightly Income Distribution cum Capital Withdrawal Option (IDCW);INF200K01HT1;INF200K01HU9;N.A.;N.A.;N.A.;11-Jun-2010
106232;SBI Short Term Debt Fund - Regular Plan Weekly Income Distribution cum Capital Withdrawal Option (IDCW);INF200K01HX3;INF200K01HY1;10.1262;10.1262;10.1262;11-Jun-2010

Sundaram Mutual Fund
101572;Sundaram Seleic Asset Plan-Half-yearly Dividendct  Debt-Dynam;;;0.0000;0.0000;0.0000;11-Jun-2010
101565;Sundaram Short Term Debt Fund Regular Plan - Fortnightly Income Distribution cum Capital Withdrawal (IDCW);INF903J01FI9;INF903J01FO7;11.1857;11.1857;11.1857;11-Jun-2010
101563;Sundaram Short Term Debt Fund Regular Plan - Growth;INF903J01FG3;;15.2786;15.2786;15.2786;11-Jun-2010
101566;Sundaram Short Term Debt Fund Regular Plan - Income Distribution cum Capital Withdrawal (IDCW);INF903J01FJ7;INF903J01FP4;10.9167;10.9167;10.9167;11-Jun-2010
101564;Sundaram Short Term Debt Fund Regular Plan - Weekly Income Distribution cum Capital Withdrawal (IDCW);INF903J01FH1;INF903J01FN9;11.3683;11.3683;11.3683;11-Jun-2010
101560;Sundaram Short Term Debt Fund Regular Plan -Income Distribution cum Capital Withdrawal ( IDCW );INF903J01FK5;;11.4793;11.4793;11.4793;11-Jun-2010
101561;Sundaram Short Term Debt Fund Regular Plan- Income Distribution cum Capital Withdrawal (IDCW );INF903J01FL3;;11.1260;11.1260;11.1260;11-Jun-2010
101562;Sundaram Short Term Debt Fund Regular Plan- Income Distribution cum Capital Withdrawal (IDCW);INF903J01FM1;;11.1350;11.1350;11.1350;11-Jun-2010

Tata Mutual Fund
101548;Tata Short Term Bond Fund -Regular Plan- Growth Option;INF277K01972;;17.3539;17.3539;17.3539;11-Jun-2010
101547;Tata Short Term Bond Fund- Regular Plan - Monthly Payout of IDCW Option;INF277K01EI9;INF277K01964;12.0654;12.0654;12.0654;11-Jun-2010

Taurus Mutual Fund
101113;Taurus Short Term Income Fund- Regular Plan - Dividend Option;INF044D01583;INF044D01591;1527.3756;1523.5572;1527.3756;11-Jun-2010
101114;Taurus Short Term Income Fund- Regular Plan - Growth Option;INF044D01617;;1574.4876;1570.5514;1574.4876;11-Jun-2010
111438;Taurus Ultra Short Term Bond  Fund - Retail Weekly Dividend Option  #;;INF044D01658;1001.3525;1001.3525;1001.3525;11-Jun-2010
111441;Taurus Ultra Short Term Bond Fund - Institutional Daily Div;;INF044D01674;1001.5375;1001.5375;1001.5375;11-Jun-2010
111439;Taurus Ultra Short Term Bond Fund - Institutional Growth;INF044D01666;;1085.6377;1085.6377;1085.6377;11-Jun-2010
111442;Taurus Ultra Short Term Bond Fund - Institutional Weekly Div;;INF044D01690;1001.3474;1001.3474;1001.3474;11-Jun-2010
111445;Taurus Ultra Short Term Bond Fund - Regular Plan - SI Daily Dividend Option;;INF044D01716;1001.5373;1001.5373;1001.5373;11-Jun-2010
111443;Taurus Ultra Short Term Bond Fund - Regular Plan - SI Growth Option;INF044D01708;;1088.9719;1088.9719;1088.9719;11-Jun-2010
111446;Taurus Ultra Short Term Bond Fund - Regular Plan - SI Weekly Dividend Option;;INF044D01724;1001.3470;1001.3470;1001.3470;11-Jun-2010
111435;Taurus Ultra Short Term Bond Fund - Retail Growth Option #;INF044D01625;;1083.2261;1083.2261;1083.2261;11-Jun-2010
111437;Taurus Ultra Short Term Bond Fund - Retails Daily Dividend Option #;;INF044D01633;1001.5376;1001.5376;1001.5376;11-Jun-2010

UTI Mutual Fund
106383;UTI Short Duration Fund - Discontinued Regular Option - Dividend Sub Option;INF789F01AH3;INF789F01AI1;11.9775;11.9775;11.9775;11-Jun-2010
106384;UTI Short Duration Fund - Discontinued Regular Option -Growth Sub Option;INF789F01AJ9;;15.9001;15.9001;15.9001;11-Jun-2010
106624;UTI Short Duration Fund - Regular Plan - Growth Option;INF789F01QA4;;10.6898;10.6898;10.6898;11-Jun-2010
106980;UTI Short Duration Fund - Regular Plan - Quarterly IDCW;INF789FC1GD5;INF789FA1R58;10.1915;10.1915;10.1915;11-Jun-2010

Open Ended Schemes ( Debt Scheme - Medium Duration Fund )


Aditya Birla Sun Life Mutual Fund
111803;Aditya Birla Sun Life Medium Term Plan - Growth - Regular Plan;INF209K01603;;10.7124;10.6856;10.7124;11-Jun-2010
111813;Aditya Birla Sun Life Medium Term Plan - Institutional - Dividend Plan;INF209K01652;INF209K01LJ5;10.1272;10.1019;10.1272;11-Jun-2010
111804;Aditya Birla Sun Life Medium Term Plan - Institutional - Growth Plan;INF209K01660;;10.3830;10.3570;10.3830;11-Jun-2010
111816;Aditya Birla Sun Life Medium Term Plan - Institutional - Half Yearly Dividend Plan;INF209K01645;INF209K01LI7;10.1605;10.1351;10.1605;11-Jun-2010
111815;Aditya Birla Sun Life Medium Term Plan - Institutional - Qrtly Dividend Plan;;;10.1993;10.1738;10.1993;11-Jun-2010
111810;Aditya Birla Sun Life Medium Term Plan - Institutional - Quarterly Dividend Plan;INF209K01678;;10.0243;9.9992;10.0243;11-Jun-2010
111811;Aditya Birla Sun Life Medium Term Plan - REGULAR - HALFYEARLY IDCW;INF209K01595;INF209K01CZ0;10.1597;10.1343;10.1597;11-Jun-2010
111812;Aditya Birla Sun Life Medium Term Plan - Regular - IDCW;INF209K01611;INF209K01DA1;10.1694;10.1440;10.1694;11-Jun-2010
111809;Aditya Birla Sun Life Medium Term Plan - REGULAR - Quarterly IDCW;INF209K01637;INF209KB1OJ2;10.0263;10.0012;10.0263;11-Jun-2010
111814;Aditya Birla Sun Life Medium Term Plan - Retail - Qrtly Dividend Plan;;INF209K01DB9;10.1944;10.1689;10.1944;11-Jun-2010

Bandhan Mutual Fund
108730;BANDHAN Bond Fund - Medium Term - Regular Plan - Bi-Monthly IDCW;INF194K01KF9;INF194K01KE2;10.5046;10.5046;10.5046;11-Jun-2010
108731;BANDHAN Bond Fund - Medium Term - Regular Plan - Daily IDCW;INF194K01JW6;INF194K01JV8;10.2852;10.2852;10.2852;11-Jun-2010
108729;BANDHAN Bond Fund - Medium Term - Regular Plan - Fortnightly IDCW;INF194K01KI3;INF194K01KH5;10.0608;10.0608;10.0608;11-Jun-2010
108728;BANDHAN Bond Fund - Medium Term - Regular Plan - Growth;INF194K01JU0;;16.0182;16.0182;16.0182;11-Jun-2010
108727;BANDHAN Bond Fund - Medium Term - Regular Plan - Monthly IDCW;INF194K01KC6;INF194K01KB8;10.1631;10.1631;10.1631;11-Jun-2010

DSP Mutual Fund
100078;DSP Bond Fund - Growth;INF740K01557;;31.0993;30.7883;31.0993;11-Jun-2010
100077;DSP Bond Fund - IDCW;INF740K01565;INF740K01995;11.1200;11.0088;11.1200;11-Jun-2010
100079;DSP Bond Fund - IDCW - Monthly;INF740K01573;INF740K01AA1;11.1089;10.9978;11.1089;11-Jun-2010

Franklin Templeton Mutual Fund
112304;Franklin India Income Opportunities Fund - Growth;INF090I01445;;10.5006;10.1856;10.5006;11-Jun-2010
112305;Franklin India Income Opportunities Fund - IDCW ;INF090I01452;INF090I01460;10.5006;10.1856;10.5006;11-Jun-2010

HDFC Mutual Fund
101990;HDFC Medium Term Debt Fund - Fornightly IDCW Option;INF179K01897;INF179K01905;10.5884;10.5619;10.5884;11-Jun-2010
101989;HDFC Medium Term Debt Fund - Growth Option;INF179K01913;;18.6532;18.6066;18.6532;11-Jun-2010

ICICI Prudential Mutual Fund
102742;ICICI Prudential Medium Term Bond Fund - Dividend;INF109K01UE9;INF109K01AG6;10.2897;10.2383;10.2897;11-Jun-2010
102741;ICICI Prudential Medium Term Bond Fund - Growth;INF109K01AH4;;14.3800;14.3081;14.3800;11-Jun-2010
102743;ICICI Prudential Medium Term Bond Fund-Plan B-Growth;INF109K01AJ0;;14.7848;14.7848;14.7848;11-Jun-2010

SBI Mutual Fund
102053;SBI MAGNUM MEDIUM DURATION FUND - REGULAR PLAN - GROWTH;INF200K01719;;15.7298;15.5725;15.7298;11-Jun-2010
102054;SBI Magnum Medium Duration Fund - Regular Plan - Income Distribution cum Capital Withdrawal Option (IDCW);INF200K01727;INF200K01735;10.9767;10.8669;10.9767;11-Jun-2010

Sundaram Mutual Fund
100608;Sundaram Medium Duration Fund (Formerly Known as Sundaram Medium Term Bond Fund) Institutional Plan - Growth;INF903J01FY6;;30.1856;30.1856;30.1856;11-Jun-2010
100611;Sundaram Medium Duration Fund (Formerly Known as Sundaram Medium Term Bond Fund) Institutional Plan -Growth;INF903J01GF3;;14.4517;14.4517;14.4517;11-Jun-2010
100607;Sundaram Medium Duration Fund (Formerly Known as Sundaram Medium Term Bond Fund) Institutional Plan -Income Distribution cum Capital Withdrawal (IDCW);INF903J01GB2;INF903J01GE6;0.0000;0.0000;0.0000;11-Jun-2010
100606;Sundaram Medium Duration Fund (Formerly Known as Sundaram Medium Term Bond Fund) Institutional Plan- Income Distribution cum Capital Withdrawal (IDCW);INF903J01GA4;INF903J01GD8;0.0000;0.0000;0.0000;11-Jun-2010
100605;Sundaram Medium Duration Fund (Formerly Known as Sundaram Medium Term Bond Fund) Institutional Plan- Income Distribution cum Capital Withdrawal(IDCW );INF903J01FZ3;INF903J01GC0;0.0000;0.0000;0.0000;11-Jun-2010
100603;Sundaram Medium Duration Fund (Formerly Known as Sundaram Medium Term Bond Fund) Regular Plan - Growth;INF903J01FQ2;;27.4500;27.4500;27.4500;11-Jun-2010
100604;Sundaram Medium Duration Fund (Formerly Known as Sundaram Medium Term Bond Fund) Regular Plan -Growth;INF903J01FX8;;14.4631;14.4631;14.4631;11-Jun-2010
100610;Sundaram Medium Duration Fund (Formerly Known as Sundaram Medium Term Bond Fund) Regular Plan -Income Distribution cum Capital Withdrawal (IDCW);INF903J01FT6;INF903J01FW0;10.2658;10.2658;10.2658;11-Jun-2010
100609;Sundaram Medium Duration Fund (Formerly Known as Sundaram Medium Term Bond Fund) Regular Plan- Income Distribution cum Capital Withdrawal(IDCW);INF903J01FS8;INF903J01FV2;10.3530;10.3530;10.3530;11-Jun-2010
100602;Sundaram Medium Duration Fund (Formerly Known as Sundaram Medium Term Bond Fund) Regular Plan-Income Distribution cum Capital Withdrawal(IDCW);INF903J01FR0;INF903J01FU4;10.2946;10.2946;10.2946;11-Jun-2010

Tata Mutual Fund
101703;Tata Medium Term Fund -Regular Plan - Growth Option;INF277K01717;;14.7416;14.5942;14.7416;11-Jun-2010
101605;Tata Medium Term Fund- Regular Plan - Payout of IDCW option;INF277K01DW2;INF277K01709;10.9125;10.8034;10.9125;11-Jun-2010
101704;Tata Medium Term Fund B - Growth Option;INF277K01733;;14.7833;14.6355;14.7833;11-Jun-2010
101606;Tata Medium Term Fund B - Income / Bonus Option;INF277K01DX0;;10.9267;10.8174;10.9267;11-Jun-2010

Open Ended Schemes ( Debt Scheme - Medium to Long Duration Fund )


Aditya Birla Sun Life Mutual Fund
111777;Aditya Birla Sun Life Income Fund (Discipline Advantage Plan);INF209K01LD8;;10.6919;10.6652;10.6919;11-Jun-2010
100038;Aditya Birla Sun Life Income Fund - Growth - Regular Plan;INF209K01579;;42.3942;42.2882;42.3942;11-Jun-2010
100037;Aditya Birla Sun Life Income Fund - Regular - Quarterly IDCW;INF209K01587;INF209K01CY3;11.3609;11.3325;11.3609;11-Jun-2010

Bandhan Mutual Fund
108766;BANDHAN Bond Fund - Income Plan - Regular Plan - Annual IDCW;INF194K01IN7;INF194K01IM9;11.7185;11.7185;11.7185;11-Jun-2010
108765;BANDHAN Bond Fund - Income Plan - Regular Plan - Growth;INF194K01IL1;;22.5066;22.5066;22.5066;11-Jun-2010
108763;BANDHAN Bond Fund - Income Plan - Regular Plan - Half-yearly IDCW;INF194K01IQ0;INF194K01IP2;10.9710;10.9710;10.9710;11-Jun-2010
108764;BANDHAN Bond Fund - Income Plan - Regular Plan - Quarterly IDCW;INF194K01IT4;INF194K01IS6;10.7158;10.7158;10.7158;11-Jun-2010
108768;BANDHAN Bond Fund - Short Term - Regular Plan - Growth;INF194K01HF5;;19.4251;19.4251;19.4251;11-Jun-2010
108767;BANDHAN Bond Fund - Short Term - Regular Plan - Monthly IDCW;INF194K01HH1;INF194K01HG3;10.0673;10.0673;10.0673;11-Jun-2010

Bank of India Mutual Fund
111718;BANK OF INDIA Conservative Hybrid  Fund-ECO Plan-Quarterly IDCW;INF761K01439;INF761K01421;10.1716;10.0699;10.1716;11-Jun-2010
111719;BANK OF INDIA Conservative Hybrid Fund-ECO Plan-Annual Dividend;INF761K01371;INF761K01389;11.0101;10.9000;11.0101;11-Jun-2010
111715;BANK OF INDIA Conservative Hybrid Fund-ECO Plan-Growth;INF761K01397;;11.0101;10.9000;11.0101;11-Jun-2010
111717;BANK OF INDIA Conservative Hybrid Fund-ECO Plan-Monthly IDCW;INF761K01413;INF761K01405;10.1668;10.0651;10.1668;11-Jun-2010
111714;BANK OF INDIA Conservative Hybrid Fund-Regular Plan-Annual IDCW;INF761K01454;INF761K01447;10.9745;10.8648;10.9745;11-Jun-2010
111712;BANK OF INDIA Conservative Hybrid Fund-Regular Plan-Growth;INF761K01462;;10.9745;10.8648;10.9745;11-Jun-2010
111716;BANK OF INDIA Conservative Hybrid Fund-Regular Plan-Monthly IDCW;INF761K01488;INF761K01470;10.0485;9.9480;10.0485;11-Jun-2010
111713;BANK OF INDIA Conservative Hybrid Fund-Regular Plan-Quarterly IDCW;INF761K01504;INF761K01496;10.1436;10.0422;10.1436;11-Jun-2010

Baroda BNP Paribas Mutual Fund
101155;BARODA INCOME FUND - Plan A - Dividend Option;INF955L01211;INF955L01229;14.4842;14.3394;14.4842;11-Jun-2010
101154;BARODA INCOME FUND - Plan A - Growth Option;INF955L01237;;14.4816;14.3368;14.4816;11-Jun-2010

Canara Robeco Mutual Fund
101588;CANARA ROBECO INCOME FUND - REGULAR PLAN - GROWTH OPTION;INF760K01324;;19.8816;19.8816;19.8816;11-Jun-2010
101587;CANARA ROBECO INCOME FUND - REGULAR PLAN - QUARTERLY IDCW (Payout/Reinvestment);INF760K01340;INF760K01357;14.1180;14.1180;14.1180;11-Jun-2010
101589;Canara Robeco Income Fund-Bonus option;INF760K01365;;14.3686;14.3686;14.3686;11-Jun-2010

HDFC Mutual Fund
100124;HDFC Income Fund - Growth Option;INF179K01962;;21.7875;21.5696;21.7875;11-Jun-2010
100123;HDFC Income Fund - Quarterly IDCW Option;INF179K01947;INF179K01954;10.999;10.889;10.999;11-Jun-2010

HSBC Mutual Fund
101688;HSBC Income Fund - Investment - Inst. - Dividend;INF336L01834;INF336L01842;0.0000;0.0000;0.0000;11-Jun-2010
101687;HSBC Income Fund - Investment - Inst. - Growth;INF336L01826;;10.0712;10.0208;10.0712;11-Jun-2010
101685;HSBC Medium to Long Duration Fund - Regular Growth;INF336L01776;;16.1365;16.0558;16.1365;11-Jun-2010
101686;HSBC Medium to Long Duration Fund - Regular Quarterly IDCW;INF336L01784;INF336L01792;11.3082;11.2517;11.3082;11-Jun-2010

ICICI Prudential Mutual Fund
109740;ICICI Prudential Bond Fund - Growth;INF109K01BO8;;12.9627;12.9627;12.9627;11-Jun-2010
109741;ICICI Prudential Bond Fund - IDCW Monthly;INF109K01EU9;INF109K01BP5;11.1058;11.1058;11.1058;11-Jun-2010
109743;ICICI Prudential Bond Fund - IDCW Quarterly;INF109K01EV7;INF109K01BS9;10.3667;10.3667;10.3667;11-Jun-2010
109742;ICICI Prudential Bond Fund- Institutional Growth;INF109K01BQ3;;11.2543;11.2543;11.2543;11-Jun-2010
109744;ICICI Prudential Bond Fund- Institutional Monthly Dividend;INF109K01ES3;INF109K01BR1;10.3043;10.3043;10.3043;11-Jun-2010
109745;ICICI Prudential Bond Fund- Institutional Quarterly Dividend;INF109K01ET1;INF109K01BT7;10.6702;10.6702;10.6702;11-Jun-2010

JM Financial Mutual Fund
100223;JM Medium to Long Duration Fund (Regular) - Growth Option;INF192K01AB3;;28.6850;28.6850;28.6850;11-Jun-2010
100222;JM Medium to Long Duration Fund (Regular) - Quarterly IDCW;INF192K01999;INF192K01AA5;10.1486;10.1486;10.1486;11-Jun-2010
101181;JM Medium to Long Duration Fund (Regular) - Bonus Option- Principal Units;INF192K01AC1;;11.7353;11.7353;11.7353;11-Jun-2010

Kotak Mahindra Mutual Fund
100300;Kotak Bond Fund - Regular Plan - Standard IDCW Option;INF174K01EQ1;INF174K01EP3;18.1074;17.9263;18.1074;11-Jun-2010
100299;Kotak Bond Fund - Regular Plan Growth;INF174K01EM0;;27.0938;26.8229;27.0938;11-Jun-2010
100301;Kotak Bond Regular Plan Bonus Plan;INF174K01ER9;;18.0597;17.8791;18.0597;11-Jun-2010
100298;Kotak Bond Regular Plan Quaterly Payout of Income Distribution cum capital withdrawal option;INF174K01EO6;INF174K01EN8;10.7764;10.6686;10.7764;11-Jun-2010
100291;Kotak Bond-Deposit-Dividend;INF174K01EK4;INF174K01EL2;12.7683;12.6406;12.7683;11-Jun-2010
100292;Kotak Bond-Deposit-Growth;INF174K01EJ6;;25.2905;25.0376;25.2905;11-Jun-2010

LIC Mutual Fund
100315;LIC MF Medium to Long Duration Fund-Regular Plan-Growth;INF767K01923;;26.4496;26.1851;26.4496;11-Jun-2010
100314;LIC MF Medium to Long Duration Fund-Regular Plan-IDCW;INF767K01907;INF767K01915;10.8014;10.6934;10.8014;11-Jun-2010

Nippon India Mutual Fund
100386;NIPPON INDIA MEDIUM TO LONG DURATION  FUND - ANNUAL IDCW Option;INF204K01CT4;INF204K01CU2;12.4148;12.3527;12.4148;11-Jun-2010
100388;Nippon India Medium to Long Duration  Fund - Growth Plan Bonus Option;INF204K01CM9;;14.7147;14.6411;14.7147;11-Jun-2010
100387;Nippon India Medium to Long Duration  Fund - Growth Plan Growth Option;INF204K01CL1;;31.2191;31.0630;31.2191;11-Jun-2010
100385;NIPPON INDIA MEDIUM TO LONG DURATION  FUND - HALF YEARLY IDCW Option;INF204K01CR8;INF204K01CS6;12.1968;12.1358;12.1968;11-Jun-2010
100384;NIPPON INDIA MEDIUM TO LONG DURATION  FUND - QUARTERLY IDCW Option;INF204K01CP2;INF204K01CQ0;13.2753;13.2089;13.2753;11-Jun-2010
100383;NIPPON INDIA MEDIUM TO LONG DURATION FUND - MONTHLY IDCW Option;INF204K01CN7;INF204K01CO5;10.1895;10.1386;10.1895;11-Jun-2010

SBI Mutual Fund
100638;SBI Magnum Income Fund - Regular Plan - Half Yearly - Income Distribution cum Capital Withdrawal Option (IDCW);INF200K01610;INF200K01628;10.6245;10.5183;10.6245;11-Jun-2010
100640;SBI Magnum Income Fund-REGULAR PLAN-Bonus;INF200K01602;;13.7197;13.5825;13.7197;11-Jun-2010
100639;SBI Magnum Income Fund-REGULAR PLAN-Growth;INF200K01594;;22.6434;22.417;22.6434;11-Jun-2010

Tata Mutual Fund
100418;Tata Income Fund -Regular Plan - Growth Option;INF277K01659;;29.2056;29.2056;29.2056;11-Jun-2010
101186;Tata Income Fund- Regular Plan - Periodic Payout of IDCW Option;INF277K01DT8;INF277K01667;16.9326;16.9326;16.9326;11-Jun-2010
100417;Tata Income Fund-Regular Plan - Half Yearly Payout of IDCW Option;INF277K01DU6;INF277K01675;11.2872;11.2872;11.2872;11-Jun-2010
101419;Tata Long Term Debt Fund - Regular Plan  -Bonus;INF277K01691;;14.6179;14.6179;14.6179;11-Jun-2010
100416;Tata Long Term Debt Fund - Regular Plan - Quarterly Dividend;INF277K01DV4;INF277K01683;10.4890;10.4890;10.4890;11-Jun-2010

UTI Mutual Fund
100742;UTI Medium to Long Duration Fund - Regular Plan - Quarterly IDCW;INF789F01380;INF789F01398;11.4352;11.4352;11.4352;11-Jun-2010
100741;UTI Medium to Long Duration Fund- Regular Plan - Growth;INF789F01406;;27.0658;27.0658;27.0658;11-Jun-2010

Open Ended Schemes ( Debt Scheme - Long Duration Fund )


ICICI Prudential Mutual Fund
100365;ICICI Prudential Long Term Bond Fund - Growth;INF109K01365;;30.3223;30.1707;30.3223;11-Jun-2010
100364;ICICI Prudential Long Term Bond Fund - Half Yearly IDCW;INF109K01EX3;INF109K01357;11.6026;11.5446;11.6026;11-Jun-2010
100367;ICICI Prudential Long Term Bond Fund - Quarterly IDCW;INF109K01EZ8;INF109K01399;12.8627;12.7984;12.8627;11-Jun-2010
100366;ICICI Prudential Long Term Bond Fund-Institutional Quarterly Dividend;INF109K01EY1;INF109K01381;11.9299;11.8703;11.9299;11-Jun-2010
101642;ICICI Prudential Long Term Bond Fund - Institutional Dividend Halfyearly;INF109K01EW5;INF109K01373;11.0219;10.9668;11.0219;11-Jun-2010
101643;ICICI Prudential Long Term Bond Fund-Institutional Option-Growth;INF109K01407;;31.4845;31.3271;31.4845;11-Jun-2010

Open Ended Schemes ( Debt Scheme - Dynamic Bond )


Aditya Birla Sun Life Mutual Fund
102767;Aditya Birla Sun Life Dynamic Bond Fund - Growth - Regular Plan;INF209K01793;;15.6801;15.6017;15.6801;11-Jun-2010
111521;Aditya Birla Sun Life Dynamic Bond Fund -REGULAR - MONTHLY IDCW;INF209K01801;INF209K01DG8;10.4206;10.3685;10.4206;11-Jun-2010
102766;Aditya Birla Sun Life Dynamic Bond Fund -Regular - Quarterly IDCW;INF209K01819;INF209K01DH6;11.2548;11.1985;11.2548;11-Jun-2010
111848;Aditya Birla Sun Life Dynamic Bond Fund-Discipline Advantage Plan-Growth;INF209K01JW2;;10.8466;10.7924;10.8466;11-Jun-2010

Bandhan Mutual Fund
111524;BANDHAN Dynamic Bond Fund - Regular Plan B - Growth;INF194K01QG4;;10.7711;10.7711;10.7711;11-Jun-2010
111523;BANDHAN Dynamic Bond Fund - Regular Plan B - IDCW;INF194K01QO8;INF194K01QN0;10.3743;10.3743;10.3743;11-Jun-2010

Canara Robeco Mutual Fund
111964;Canara Robeco Dynamic Bond Fund - Institutional Plan - Dividend;INF760K01381;INF760K01399;10.2621;10.2621;10.2621;11-Jun-2010
111961;Canara Robeco Dynamic Bond Fund - Institutional Plan - Growth;INF760K01407;;10.5095;10.5095;10.5095;11-Jun-2010
111962;CANARA ROBECO DYNAMIC BOND FUND - REGULAR PLAN - GROWTH OPTION;INF760K01449;;10.4004;10.4004;10.4004;11-Jun-2010
111963;CANARA ROBECO DYNAMIC BOND FUND - REGULAR PLAN - IDCW (Payout/Reinvestment);INF760K01423;INF760K01431;10.1965;10.1965;10.1965;11-Jun-2010

DSP Mutual Fund
105669;DSP Strategic Bond Fund - Regular Plan - Growth;INF740K01GK7;;1082.1508;1082.1508;1082.1508;11-Jun-2010
105668;DSP Strategic Bond Fund - Regular Plan - IDCW;INF740K01GO9;INF740K01GN1;1020.8662;1020.8662;1020.8662;11-Jun-2010
111786;DSP Strategic Bond Fund - Regular Plan - IDCW - Daily;;INF740KA1PA5;1002.1450;1002.1450;1002.1450;11-Jun-2010
105667;DSP Strategic Bond Fund - Regular Plan - IDCW - Monthly;INF740K01GM3;INF740K01GL5;1021.0307;1021.0307;1021.0307;11-Jun-2010
105878;DSP Strategic Bond Fund - Regular Plan - IDCW - Weekly;INF740K01GQ4;INF740K01GP6;1003.2330;1003.2330;1003.2330;11-Jun-2010

Franklin Templeton Mutual Fund
100498;Franklin India Dynamic Accrual Fund - IDCW ;INF090I01BN6;INF090I01BO4;10.6342;10.5810;10.6342;11-Jun-2010
100499;Franklin India Dynamic Accrual Fund-Growth;INF090I01BP1;;32.2315;32.0703;32.2315;11-Jun-2010

HDFC Mutual Fund
101872;HDFC Dynamic Debt Fund - Growth Option;INF179K01848;;31.7078;31.5493;31.7078;11-Jun-2010
101874;HDFC Dynamic Debt Fund - Half Yearly IDCW Option;INF179K01855;INF179K01863;10.9861;10.9312;10.9861;11-Jun-2010
101873;HDFC Dynamic Debt Fund - Quarterly IDCW Option;INF179K01871;INF179K01889;11.2873;11.2309;11.2873;11-Jun-2010
101875;HDFC Dynamic Debt Fund - Yearly IDCW Option;INF179K01921;INF179K01939;11.5494;11.4917;11.5494;11-Jun-2010

HSBC Mutual Fund
106736;HSBC Dynamic Bond Fund - Growth;INF336L01545;;12.6321;12.6005;12.6321;11-Jun-2010
106737;HSBC Dynamic Bond Fund - Regular Growth;INF336L01461;;12.7512;12.7193;12.7512;11-Jun-2010
106738;HSBC Dynamic Bond Fund - Regular Monthly IDCW;;INF336L01453;10.0521;10.0270;10.0521;11-Jun-2010

ICICI Prudential Mutual Fund
112096;ICICI Prudential All Seasons Bond Fund - Growth;INF109K01GN9;;10.2796;10.2796;10.2796;11-Jun-2010
112095;ICICI Prudential All Seasons Bond Fund - Premium Dividend Option;INF109K01FC4;INF109K01720;10.5984;10.5984;10.5984;11-Jun-2010
112094;ICICI Prudential All Seasons Bond Fund - Premium Growth Option;INF109K01GM1;;10.2566;10.2566;10.2566;11-Jun-2010
101351;ICICI Prudential All Seasons Bond Fund - Weekly IDCW;INF109K01FD2;INF109K01704;10.5124;10.5124;10.5124;11-Jun-2010
101350;ICICI Prudential All Seasons Bond Fund Retail - Cumulative;INF109K01712;;19.9729;19.9729;19.9729;11-Jun-2010

JM Financial Mutual Fund
105639;JM Dynamic Bond Fund (Regular) - Daily IDCW;;INF192K01668;10.0031;10.0031;10.0031;11-Jun-2010
101806;JM Dynamic Bond Fund (Regular) - Growth Option;INF192K01700;;14.6440;14.6440;14.6440;11-Jun-2010
101805;JM Dynamic Bond Fund (Regular) - IDCW;INF192K01684;INF192K01692;14.6941;14.6941;14.6941;11-Jun-2010
105637;JM Dynamic Bond Fund (Regular) - Weekly IDCW;;INF192K01676;10.2997;10.2997;10.2997;11-Jun-2010
101807;JM Dynamic Bond Fund (Regular)- Premium Plan IDCW;INF192K01734;INF192K01742;10.2368;10.2368;10.2368;11-Jun-2010
105638;JM Dynamic Bond Fund - Premium Plan - Daily Dividend Option;;INF192K01718;10.0031;10.0031;10.0031;11-Jun-2010
101808;JM Dynamic Bond Fund - Premium Plan - Growth Option;INF192K01759;;14.1002;14.1002;14.1002;11-Jun-2010
105636;JM Dynamic Bond Fund - Premium Plan - Weekly Dividend Option;;INF192K01726;10.3305;10.3305;10.3305;11-Jun-2010

Kotak Mahindra Mutual Fund
108500;Kotak Dynamic Bond Fund Regular Plan Daily Dividend;INF174K01FB0;;10.0475;10.0475;10.0475;11-Jun-2010
108511;Kotak Dynamic Bond Fund Regular Plan Growth;INF174K01FA2;;11.4429;11.4429;11.4429;11-Jun-2010
108512;Kotak Dynamic Bond Fund Regular Plan Weekly Dividend;INF174K01FC8;;10.1902;10.1902;10.1902;11-Jun-2010

Nippon India Mutual Fund
102851;NIPPON INDIA DYNAMIC BOND FUND - IDCW Option;INF204K01FJ8;INF204K01FK6;12.1965;12.0745;12.1965;11-Jun-2010
102849;Nippon India Dynamic Bond Fund-Growth Plan-Growth Option;INF204K01FI0;;12.1966;12.0746;12.1966;11-Jun-2010

Principal Mutual Fund
100960;Principal Dynamic Bond Fund - Dividend Option -Annual;INF173K01AX7;INF173K01AY5;11.3178;11.3178;11.3178;11-Jun-2010
100963;Principal Dynamic Bond Fund - Growth Option;INF173K01AT5;;16.0262;16.0262;16.0262;11-Jun-2010
100961;Principal Dynamic Bond Fund -Dividend Option - Quarterly;INF173K01AU3;INF173K01AV1;11.9564;11.9564;11.9564;11-Jun-2010
100957;Principal Income Fund-Dividend Plan-Half Yearly;;;10.9404;10.9404;10.9404;11-Jun-2010
100958;Principal Income Fund-Dividend Plan-Quaterly;;;11.1295;11.1295;11.1295;11-Jun-2010
100962;Principal Income Fund-Growth Plan-growth;;;13.3352;13.3352;13.3352;11-Jun-2010

quant Mutual Fund
100173;Quant Dynamic Bond-Bonus;INF966L01101;;15.6871;15.6871;15.6871;11-Jun-2010
100171;Quant Dynamic Bond-Dividend;INF966L01077;INF966L01085;11.2298;11.2298;11.2298;11-Jun-2010
100172;Quant Dynamic Bond-Growth;INF966L01093;;29.7926;29.7926;29.7926;11-Jun-2010

SBI Mutual Fund
102205;SBI Dynamic Bond Fund - REGULAR PLAN - Growth;INF200K01958;;11.0581;11.0581;11.0581;11-Jun-2010
102206;SBI Dynamic Bond Fund - Regular Plan - Income Distribution cum Capital Withdrawal Option (IDCW);INF200K01966;INF200K01974;10.4448;10.4448;10.4448;11-Jun-2010

Tata Mutual Fund
101909;Tata Dynamic Bond Fund- Regular Plan - Growth Option;INF277K01360;;14.0873;14.0169;14.0873;11-Jun-2010
101224;Tata Dynamic Bond Fund- Regular Plan - Payout of IDCW Option;INF277K01DE0;INF277K01352;10.5680;10.5152;10.5680;11-Jun-2010
102031;Tata Dynamic Bond Fund B - Dividend;INF277K01DF7;INF277K01378;10.0783;10.0279;10.0783;11-Jun-2010
101910;Tata Dynamic Bond Fund B - Growth;INF277K01386;;14.0932;14.0227;14.0932;11-Jun-2010

Open Ended Schemes ( Debt Scheme - Corporate Bond Fund )


Aditya Birla Sun Life Mutual Fund
111780;Aditya Birla Sun Life Corporate Bond Fund - Discipline Advantage Plan;INF209K01KK5;;10.5719;10.5190;10.5719;11-Jun-2010
103178;Aditya Birla Sun Life Corporate Bond Fund - Growth - Regular Plan;INF209K01785;;34.4328;34.2606;34.4328;11-Jun-2010
103183;Aditya Birla Sun Life Corporate Bond Fund -REGULAR - MONTHLY IDCW;INF209K01983;INF209K01DL8;10.9878;10.9329;10.9878;11-Jun-2010
103177;Aditya Birla Sun Life Income Fund-Plan A(Dividend);;;11.4573;11.4000;11.4573;11-Jun-2010
103179;Aditya Birla Sun Life Income Fund-Plan D(54EA Dividend);;INF209K01DI4;10.3774;10.3255;10.3774;11-Jun-2010
103180;Aditya Birla Sun Life Income Fund-Plan E(54EA Growth);;;34.4090;34.2370;34.4090;11-Jun-2010
103181;Aditya Birla Sun Life Income Fund-PLan F(54EB Dividend);;;15.1784;15.1025;15.1784;11-Jun-2010
103182;Aditya Birla Sun Life Income Fund-Plan G(54EB Growth);;;34.1923;34.0213;34.1923;11-Jun-2010

Franklin Templeton Mutual Fund
100528;Franklin India Corporate Debt Fund - Growth;INF090I01DG6;;30.8998;30.7453;30.8998;11-Jun-2010
100532;Franklin India Corporate Debt Fund - Monthly Bonus;INF090I01DC5;;16.4821;16.3997;16.4821;11-Jun-2010
100527;Franklin India Corporate Debt Fund - Plan A - Annual - IDCW;INF090I01DH4;INF090I01DI2;10.9516;10.8968;10.9516;11-Jun-2010
100531;Franklin India Corporate Debt Fund - Plan B - Half yearly - IDCW;INF090I01DN2;INF090I01DO0;11.9007;11.8412;11.9007;11-Jun-2010
100529;Franklin India Corporate Debt Fund - Plan B - Monthly - IDCW;INF090I01DJ0;INF090I01DK8;11.6594;11.6011;11.6594;11-Jun-2010
100530;Franklin India Corporate Debt Fund - Plan B - Quarterly - IDCW;INF090I01DL6;INF090I01DM4;12.1887;12.1278;12.1887;11-Jun-2010

ICICI Prudential Mutual Fund
111988;ICICI Prudential Corporate Bond Fund - Daily IDCW;INF109K01CR9;;10.0210;10.0210;10.0210;11-Jun-2010
111987;ICICI Prudential Corporate Bond Fund - Growth;INF109K01CQ1;;10.3985;10.3985;10.3985;11-Jun-2010
111991;ICICI Prudential Corporate Bond Fund - Monthly IDCW;INF109K01SK0;INF109K01CT5;10.0417;10.0417;10.0417;11-Jun-2010
111982;ICICI Prudential Corporate Bond Fund - Premium Daily Dividend;INF109K01CL2;;10.0210;10.0210;10.0210;11-Jun-2010
111984;ICICI Prudential Corporate Bond Fund - Premium Fort Nightly Dividend;INF109K01SH6;INF109K01CN8;10.0295;10.0295;10.0295;11-Jun-2010
111981;ICICI Prudential Corporate Bond Fund - Premium Growth;INF109K01CK4;;10.3709;10.3709;10.3709;11-Jun-2010
111985;ICICI Prudential Corporate Bond Fund - Premium Monthly Dividend;INF109K01CO6;;10.0412;10.0412;10.0412;11-Jun-2010
111986;ICICI Prudential Corporate Bond Fund - Premium Quarterly Dividend;INF109K01FP6;INF109K01CP3;10.1069;10.1069;10.1069;11-Jun-2010
111983;ICICI Prudential Corporate Bond Fund - Premium Weekly Dividend;INF109K01CM0;;10.0555;10.0555;10.0555;11-Jun-2010
111994;ICICI Prudential Corporate Bond Fund - Super Premium Daily Dividend;;INF109K01CV1;10.0210;10.0210;10.0210;11-Jun-2010
111993;ICICI Prudential Corporate Bond Fund - Super Premium Growth;INF109K01CU3;;10.4423;10.4423;10.4423;11-Jun-2010
111975;ICICI Prudential Corporate Bond Fund - Super Premium Monthly Dividend;;INF109K01CX7;10.0319;10.0319;10.0319;11-Jun-2010
111973;ICICI Prudential Corporate Bond Fund - Super Premium Weekly Dividend;;INF109K01CW9;10.0503;10.0503;10.0503;11-Jun-2010
111989;ICICI Prudential Corporate Bond Fund - Weekly IDCW;INF109K01SL8;INF109K01SM6;10.0335;10.0335;10.0335;11-Jun-2010
111976;ICICI Prudential Corporate Bond Fund Retail Daily Dividend;INF109K01CF4;;10.0210;10.0210;10.0210;11-Jun-2010
111978;ICICI Prudential Corporate Bond Fund Retail Fort Nightly Dividend;INF109K01SF0;INF109K01CH0;10.0356;10.0356;10.0356;11-Jun-2010
111972;ICICI Prudential Corporate Bond Fund Retail Growth;INF109K01CE7;;10.4057;10.4057;10.4057;11-Jun-2010
111979;ICICI Prudential Corporate Bond Fund Retail Monthly Dividend;INF109K01QM0;INF109K01CI8;10.0404;10.0404;10.0404;11-Jun-2010
111980;ICICI Prudential Corporate Bond Fund Retail Quarterly Dividend;INF109K01FQ4;INF109K01CJ6;10.1414;10.1414;10.1414;11-Jun-2010
111977;ICICI Prudential Corporate Bond Fund Retail Weekly Dividend;INF109K01SE3;INF109K01CG2;10.0518;10.0518;10.0518;11-Jun-2010

Invesco Mutual Fund
106179;Invesco India Corporate Bond Fund - Annual IDCW (Payout / Reinvestment);INF205K01QX3;INF205K01QY1;10.1499;10.1499;10.1499;11-Jun-2010
106177;Invesco India Corporate Bond Fund - Growth;INF205K01RM4;;10.9990;10.9990;10.9990;11-Jun-2010
106171;Invesco India Corporate Bond Fund - Monthly IDCW (Payout / Reinvestment);INF205K01RN2;INF205K01RO0;10.2817;10.2817;10.2817;11-Jun-2010
106172;Invesco India Corporate Bond Fund - Quarterly IDCW (Payout / Reinvestment);INF205K01RP7;INF205K01RQ5;10.1502;10.1502;10.1502;11-Jun-2010
106173;Religare Invesco Active Income Fund - Plan B - Growth;INF205K01RR3;;10.0079;10.0079;10.0079;11-Jun-2010
106174;Religare Invesco Active Income Fund - Plan B - MonthlyDividend;;INF205K01510;10.0079;10.0079;10.0079;11-Jun-2010
106178;Religare Invesco Active Income Fund - Plan B - QuarterlyDividend;INF205K01RT9;INF205K01528;10.1662;10.1662;10.1662;11-Jun-2010

L&T Mutual Fund
112414;L&T Triple Ace Bond Fund - Regular Plan - Quarterly IDCW;INF917K01AF4;INF917K01AG2;11.0877;11.0877;11.0877;11-Jun-2010
112420;L&T Triple Ace Bond Fund -Regular Plan - Bonus;INF917K01AK4;;14.0553;14.0553;14.0553;11-Jun-2010
112416;L&T Triple Ace Bond Fund -Regular Plan - Semi Annual IDCW;INF917K01AI8;INF917K01AJ6;10.7239;10.7239;10.7239;11-Jun-2010
112410;L&T Triple Ace Bond Fund-Regular Plan-Growth;INF917K01AH0;;25.2705;25.2705;25.2705;11-Jun-2010

Nippon India Mutual Fund
109472;NIPPON INDIA CORPORATE BOND FUND - DAILY IDCW Option;;INF204K01EG7;17.0959;17.0959;17.0959;11-Jun-2010
100859;Nippon India Corporate Bond Fund - Growth Plan - Bonus Option;INF204KA12N8;;13.7653;13.7653;13.7653;11-Jun-2010
100856;Nippon India Corporate Bond Fund - Growth Plan - Growth Option;INF204K01EF9;;19.2742;19.2742;19.2742;11-Jun-2010
100857;NIPPON INDIA CORPORATE BOND FUND - MONTHLY IDCW Option;INF204K01EJ1;INF204K01EK9;10.4019;10.4019;10.4019;11-Jun-2010
100858;NIPPON INDIA CORPORATE BOND FUND - QUARTERLY IDCW Option;INF204K01EL7;INF204K01EM5;10.8267;10.8267;10.8267;11-Jun-2010
109473;NIPPON INDIA CORPORATE BOND FUND - WEEKLY IDCW Option;INF204K01EH5;INF204K01EI3;17.1031;17.1031;17.1031;11-Jun-2010

Principal Mutual Fund
102169;Principal Corporate Bond Fund - Dividend - Monthly;INF173K01312;INF173K01320;11.2481;11.1356;11.2481;11-Jun-2010
102170;Principal Corporate Bond Fund - Dividend - Quarterly;INF173K01338;INF173K01346;12.068;11.9473;12.068;11-Jun-2010
102171;Principal Corporate Bond Fund -Growth;INF173K01288;;18.0412;17.8608;18.0412;11-Jun-2010

Sundaram Mutual Fund
100792;Sundaram Corporate Bond Fund Institutional Plan - Growth;INF903J01IF9;;0.0000;0.0000;0.0000;11-Jun-2010
100790;Sundaram Corporate Bond Fund Institutional Plan - Income Distribution cum Capital Withdrawal (IDCW);INF903J01IG7;INF903J01II3;0.0000;0.0000;0.0000;11-Jun-2010
100791;Sundaram Corporate Bond Fund Institutional Plan -Income Distribution cum Capital Withdrawal-(IDCW);INF903J01IH5;INF903J01IJ1;0.0000;0.0000;0.0000;11-Jun-2010
100786;Sundaram Corporate Bond Fund Regular Plan - Income Distribution cum Capital Withdrawal (IDCW );INF903J01HY2;INF903J01IC6;11.4326;11.4326;11.4326;11-Jun-2010
100785;Sundaram Corporate Bond Fund Regular Plan -Income Distribution cum Capital Withdrawal(IDCW);INF903J01HX4;INF903J01IB8;10.3430;10.3430;10.3430;11-Jun-2010
100789;Sundaram Corporate Bond Fund Regular Plan- Growth;INF903J01HW6;;13.9355;13.9355;13.9355;11-Jun-2010
100788;Sundaram Corporate Bond Fund Regular Plan- Income Distribution cum Capital Withdrawal (IDCW);INF903J01IA0;INF903J01IE2;10.7389;10.7389;10.7389;11-Jun-2010
100787;Sundaram Corporate Bond Fund Regular Plan-Income Distribution cum Capital Withdrawal (IDCW);INF903J01HZ9;INF903J01ID4;11.0851;11.0851;11.0851;11-Jun-2010

Tata Mutual Fund
106130;Tata Corporate Bond Fund -Regular Plan  -  Daily Dividend;;INF277K01AA4;1009.4394;1009.4394;1009.4394;11-Jun-2010
106128;Tata Corporate Bond Fund Retail Investment Plan Growth;INF277K01AD8;;1231.9882;1231.9882;1231.9882;11-Jun-2010
106123;Tata Corporate Bond Fund Retail Investment Plan Monthly Dividend;INF277K01CV6;INF277K01AE6;1003.4654;1003.4654;1003.4654;11-Jun-2010
106129;Tata Corporate Bond Fund -Regular Plan -  Growth;INF277K01998;;1233.5491;1233.5491;1233.5491;11-Jun-2010
106132;Tata Corporate Bond Fund -Regular Plan -  Monthly Dividend;INF277K01CT0;INF277K01AB2;1002.9949;1002.9949;1002.9949;11-Jun-2010
106131;Tata Corporate Bond Fund-Regular Plan - Weekly Dividend;INF277K01CU8;INF277K01AC0;1011.1445;1011.1445;1011.1445;11-Jun-2010

Open Ended Schemes ( Debt Scheme - Credit Risk Fund )


DSP Mutual Fund
101839;DSP Credit Risk Fund - Regular Plan - IDCW;INF740K01581;INF740K01AB9;10.6704;10.6704;10.6704;11-Jun-2010
101840;DSP Credit Risk Fund - Regular Plan - IDCW - Daily;;INF740KA1OA8;10.0312;10.0312;10.0312;11-Jun-2010
101838;DSP Credit Risk Fund - Regular Plan - IDCW - Weekly;INF740K01FR4;INF740K01FQ6;10.0363;10.0363;10.0363;11-Jun-2010
101837;DSP Credit Risk Fund - Regular Plan -Growth;INF740K01599;;14.9376;14.9376;14.9376;11-Jun-2010

L&T Mutual Fund
112629;L&T Credit Risk - Retail Qtly Dividend;INF917K01CS3;INF917K01CT1;10.1447;10.1447;10.1447;11-Jun-2010
112632;L&T Credit Risk Fund - Regular Plan - Growth;INF917K01130;;10.3529;10.3529;10.3529;11-Jun-2010
112630;L&T Credit Risk Fund- Regular Plan - Bonus;INF917K01CU9;;10.3221;10.3221;10.3221;11-Jun-2010
112631;L&T Credit Risk Fund- Regular Plan - IDCW;INF917K01114;INF917K01122;10.0593;10.0593;10.0593;11-Jun-2010
112628;L&T Credit Risk Retail -Cumulative;INF917K01106;;10.3223;10.3223;10.3223;11-Jun-2010
112627;L&T Credit Risk- Retail Dividend;INF917K01080;INF917K01098;10.0482;10.0482;10.0482;11-Jun-2010

Nippon India Mutual Fund
112938;Nippon India Credit Risk Fund  - Growth Plan;INF204K01FQ3;;12.7880;12.7880;12.7880;11-Jun-2010
112939;Nippon India Credit Risk Fund  - Institutional Growth Plan;INF204K01FT7;;12.8723;12.8723;12.8723;11-Jun-2010
112941;NIPPON INDIA CREDIT RISK FUND - QUARTERLY IDCW Option;INF204K01FR1;INF204K01FS9;12.2490;12.2490;12.2490;11-Jun-2010
112940;Reliance Credit Risk Fund  - Institutional Quarterly Dividend Plan;INF204K01FU5;INF204K01FV3;12.3173;12.3173;12.3173;11-Jun-2010

Principal Mutual Fund
102729;Principal Credit Risk Fund - Regular Plan - Growth Option;INF173K01DM4;;14.5527;14.5527;14.5527;11-Jun-2010
102726;Principal Floating Rate Fund - SMP-Daily Dividend;;;10.0007;10.0007;10.0007;11-Jun-2010
102725;Principal Floating Rate Fund - SMP-Growth;;;14.4503;14.4503;14.4503;11-Jun-2010
102730;Principal Floating Rate Fund - SMP-Insti. Daily Dividend;;;10.0007;10.0007;10.0007;11-Jun-2010
102731;Principal Floating Rate Fund - SMP-Insti. Weekly Dividend;;;10.0021;10.0021;10.0021;11-Jun-2010
102728;Principal Floating Rate Fund - SMP-Monthly Dividend;;;10.6396;10.6396;10.6396;11-Jun-2010
102727;Principal Floating Rate Fund - SMP-Weekly Dividend;;;10.002;10.002;10.002;11-Jun-2010

SBI Mutual Fund
102505;SBI CREDIT RISK FUND - REGULAR PLAN - GROWTH;INF200K01685;;14.0185;13.9484;14.0185;11-Jun-2010
102506;SBI Credit Risk Fund - Regular Plan - Income Distribution cum Capital Withdrawal Option (IDCW);INF200K01693;INF200K01701;10.9055;10.851;10.9055;11-Jun-2010

Sundaram Mutual Fund
101544;Sundaram Short Term Credit Risk Fund -Dividend;INF903J01EV5;INF903J01EW3;11.8178;11.8178;11.8178;11-Jun-2010
101545;Sundaram Short Term Credit Risk Fund-Appreciation;INF903J01EU7;;14.5550;14.5550;14.5550;11-Jun-2010

Open Ended Schemes ( Debt Scheme - Banking and PSU Fund )


Aditya Birla Sun Life Mutual Fund
108272;Aditya Birla Sun Life Banking & PSU Debt Fund  - REGULAR - IDCW;INF209K01LX6;INF209KA11Z3;10.2300;10.2044;10.2300;11-Jun-2010
110282;Aditya Birla Sun Life Banking & PSU Debt Fund  - REGULAR - MONTHLY IDCW;INF209K01LU2;;10.0055;9.9805;10.0055;11-Jun-2010
108274;Aditya Birla Sun Life Banking & PSU Debt Fund  - REGULAR - Quarterly IDCW;INF209K01LN7;;10.1752;10.1498;10.1752;11-Jun-2010
110490;Aditya Birla Sun Life Banking & PSU Debt Fund  - retail - monthly IDCW;INF209K01LR8;;10.0055;9.9805;10.0055;11-Jun-2010
106157;Aditya Birla Sun Life Banking & PSU Debt Fund  - retail - quarterly IDCW;INF209K01LS6;;10.3180;10.2922;10.3180;11-Jun-2010
108273;Aditya Birla Sun Life Banking & PSU Debt Fund - Regular Plan-Growth;INF209K01LV0;;11.0550;11.0274;11.0550;11-Jun-2010
103176;Aditya Birla Sun Life Banking & PSU Debt Fund - Retail Plan-Growth;INF209K01LT4;;16.7832;16.7412;16.7832;11-Jun-2010
112015;Aditya Birla Sun Life Treasury Optimizer Plan - Discipline Advantage Plan - Growth;INF209K01KM1;;10.4247;10.3986;10.4247;11-Jun-2010
103175;Aditya Birla Sun Life Ultra Short Term Fund- Retail Plan A(Monthly Dividend);;INF209K01EB7;10.7520;10.7251;10.7520;11-Jun-2010
103188;Aditya Birla Sun Life Banking & PSU Debt Fund - Growth - Regular Plan;INF209K01BF4;;27.4137;27.1396;27.4137;11-Jun-2010
103187;Aditya Birla Sun Life Banking & PSU Debt Fund - Regular Plan;INF209K01BE7;INF209K01EA9;11.6243;11.5081;11.6243;11-Jun-2010

ICICI Prudential Mutual Fund
112343;ICICI Prudential Banking and PSU Debt Fund -  Daily IDCW;INF109K01WS5;INF109K01RV9;10.0566;10.0566;10.0566;11-Jun-2010
112344;ICICI Prudential Banking and PSU Debt Fund -  Weekly IDCW;INF109K01WR7;INF109K01RU1;10.0230;10.0230;10.0230;11-Jun-2010
112342;ICICI Prudential Banking and PSU Debt Fund - Growth;INF109K01RT3;;10.2221;10.2221;10.2221;11-Jun-2010

LIC Mutual Fund
105822;LIC MF Banking & PSU Fund-Regular Plan-Daily IDCW;INF767K01519;INF767K01527;10.0000;10.0000;10.0000;11-Jun-2010
105823;LIC MF Banking & PSU Fund-Regular Plan-Growth;INF767K01535;;12.4882;12.4882;12.4882;11-Jun-2010
105856;LIC MF Banking & PSU Fund-Regular Plan-Monthly IDCW;INF767K01543;INF767K01550;10.0165;10.0165;10.0165;11-Jun-2010
105857;LIC MF Banking & PSU Fund-Regular Plan-Weekly IDCW;INF767K01568;INF767K01576;10.0058;10.0058;10.0058;11-Jun-2010

Sundaram Mutual Fund
100782;Sundaram Banking & PSU Fund (Formerly Known as Sundaram Banking and PSU Debt Fund) Regular Plan - Daily Reinvestment of Income Distribution cum Capital Withdrawal (IDCW);;INF903J01IP8;10.0519;10.0519;10.0519;11-Jun-2010
100784;Sundaram Banking & PSU Fund (Formerly Known as Sundaram Banking and PSU Debt Fund) Regular Plan - Growth;INF903J01IN3;;14.7538;14.7538;14.7538;11-Jun-2010
100793;Sundaram Banking & PSU Fund (Formerly Known as Sundaram Banking and PSU Debt Fund) Regular Plan - Income Distribution cum Capital Withdrawal (IDCW);INF903J01IO1;INF903J01IR4;10.3471;10.3471;10.3471;11-Jun-2010
100783;Sundaram Banking & PSU Fund (Formerly Known as Sundaram Banking and PSU Debt Fund) Regular Plan - Weekly Reinvestment of Income Distribution cum Capital Withdrawal (IDCW);;INF903J01IQ6;10.4281;10.4281;10.4281;11-Jun-2010
100781;Sundaram Banking & PSU Fund (Formerly Known as Sundaram Banking and PSU Debt Fund) Retail Plan - Growth;INF903J01IK9;;14.2154;14.2154;14.2154;11-Jun-2010
100780;Sundaram Banking & PSU Fund (Formerly Known as Sundaram Banking and PSU Debt Fund) Retail Plan - Monthly Income Distribution cum Capital Withdrawal (IDCW);INF903J01IL7;INF903J01IM5;10.3025;10.3025;10.3025;11-Jun-2010

Open Ended Schemes ( Debt Scheme - Gilt Fund )


Aditya Birla Sun Life Mutual Fund
100061;Aditya Birla Sun Life Constant Maturity 10 Year Gilt Fund - Growth - Regular Plan;INF209K01AH2;;30.8993;30.8993;30.8993;11-Jun-2010
100060;Aditya Birla Sun Life Constant Maturity 10 Year Gilt Fund - Quarterly Dividend - Regular Plan;INF209K01AI0;INF209K01DR5;11.8685;11.8685;11.8685;11-Jun-2010
100056;Aditya Birla Sun Life Gilt Plus - Liquid Plan - Annual Dividend - Regular Plan;INF209K01991;INF209K01DM6;10.3721;10.3721;10.3721;11-Jun-2010
100055;Aditya Birla Sun Life Gilt Plus - Liquid Plan - Growth - Regular Plan;INF209K01AA7;;21.4155;21.4155;21.4155;11-Jun-2010
100054;Aditya Birla Sun Life Gilt Plus - Liquid Plan - Quarterly Dividend - Regular Plan;INF209K01AB5;;10.4382;10.4382;10.4382;11-Jun-2010
100059;Aditya Birla Sun Life Gilt Plus-PF Plan (Annual Dividend);;INF209K01DO2;18.0826;18.0826;18.0826;11-Jun-2010
100062;Aditya Birla Sun Life Gilt Plus-Regular Plan (Annual Dividend);;INF209K01DQ7;23.1361;23.1361;23.1361;11-Jun-2010
100057;Aditya Birla Sun Life Govenment Securities Fund -Regular - Quarterly IDCW;INF209K01AF6;INF209K01DP9;10.1490;10.1490;10.1490;11-Jun-2010
100058;Aditya Birla Sun Life Government Securities Fund  - Growth - Regular Plan;INF209K01AC3;INF209K01AD1;24.1340;23.8927;24.1340;11-Jun-2010

Bandhan Mutual Fund
108645;BANDHAN GSF - Investment Plan - Annual Dividend;INF194K01DU3;INF194K01DT5;11.6749;11.6749;11.6749;11-Jun-2010
111525;BANDHAN Government Securities Fund - IP - Regular Plan - Growth;INF194K01DZ2;;10.2950;10.2950;10.2950;11-Jun-2010
111527;BANDHAN Government Securities Fund - IP - Regular Plan - IDCW;INF194K01EK2;INF194K01EJ4;10.2911;10.2911;10.2911;11-Jun-2010

Baroda BNP Paribas Mutual Fund
101187;Baroda BNP Paribas GILT FUND - Regular Plan - Growth Option;INF955L01450;;13.7881;13.6502;13.7881;11-Jun-2010
101188;Baroda BNP Paribas GILT FUND - Regular Plan - IDCW Option;INF955L01435;INF955L01443;13.7886;13.6507;13.7886;11-Jun-2010

Canara Robeco Mutual Fund
100597;CANARA ROBECO GILT FUND - REGULAR PLAN - GROWTH OPTION;INF760K01AE1;;25.2683;25.2683;25.2683;11-Jun-2010
100596;CANARA ROBECO GILT FUND - REGULAR PLAN - IDCW (Payout/Reinvestment);INF760K01AB7;INF760K01AC5;10.7762;10.7762;10.7762;11-Jun-2010

DSP Mutual Fund
100084;DSP Gilt Fund - Regular Plan - Growth;INF740K01615;;32.5811;32.2553;32.5811;11-Jun-2010
100085;DSP Gilt Fund - Regular Plan - IDCW;INF740K01607;INF740K01AD5;11.9525;11.8330;11.9525;11-Jun-2010
100086;DSP Gilt Fund - Regular Plan - IDCW - Monthly;INF740K01623;INF740K01AE3;10.5990;10.4930;10.5990;11-Jun-2010

Franklin Templeton Mutual Fund
100493;Franklin India Government Securities Fund - Growth;INF090I01CU9;;22.8462;22.8462;22.8462;11-Jun-2010
100494;Franklin India Government Securities Fund - IDCW ;INF090I01CS3;INF090I01CT1;10.4750;10.4750;10.4750;11-Jun-2010
100486;Franklin India Govt.Sec. Fund-Composite Plan - Dividend;INF090I01CP9;INF090I01CQ7;10.3685;10.3167;10.3685;11-Jun-2010
100485;Franklin India Govt.Sec. Fund-Composite Plan - Growth;INF090I01CR5;;32.6500;32.4868;32.6500;11-Jun-2010
100495;Franklin India Govt.Sec. Fund-Long Term Plan - Bonus;INF090I01CO2;;10.7515;10.7515;10.7515;11-Jun-2010
100491;Franklin India Govt.Sec. Fund-PF Plan - Dividend;INF090I01CW5;INF090I01CX3;14.3407;14.2690;14.3407;11-Jun-2010
100490;Franklin India Govt.Sec. Fund-PF Plan - Growth;INF090I01CY1;;14.3407;14.2690;14.3407;11-Jun-2010
100487;Franklin India Govt.Sec. Fund-Treasury Plan(Dividend Option);INF090I01CZ8;INF090I01DA9;10.3792;10.3792;10.3792;11-Jun-2010
100489;Franklin India Govt.Sec. Fund-Treasury Plan(Growth Option);INF090I01DB7;;16.4175;16.4175;16.4175;11-Jun-2010

HDFC Mutual Fund
101083;HDFC Gilt Fund - Growth Plan;INF179K01756;;19.0318;19.0318;19.0318;11-Jun-2010
101084;HDFC Gilt Fund - IDCW Plan;INF179K01772;INF179K01764;10.5705;10.5705;10.5705;11-Jun-2010

ICICI Prudential Mutual Fund
100369;ICICI Prudential Gilt Fund - Growth;INF109K01JR4;;31.8532;31.8532;31.8532;11-Jun-2010
100368;ICICI Prudential Gilt Fund - IDCW;INF109K01JQ6;INF109K01JP8;12.1813;12.1813;12.1813;11-Jun-2010
100370;ICICI Prudential Short Term Gilt Fund - Dividend;INF109K01JW4;INF109K01JV6;11.7645;11.7645;11.7645;11-Jun-2010
100371;ICICI Prudential Short Term Gilt Fund - Growth;INF109K01JX2;;24.6614;24.6614;24.6614;11-Jun-2010
100372;ICICI Prudential Short Term Gilt Fund - Half Yearly Dividend;INF109K01JZ7;INF109K01JY0;11.0008;11.0008;11.0008;11-Jun-2010

Invesco Mutual Fund
107476;Invesco India Gilt Fund - Annual IDCW (Payout / Reinvestment);INF205K01SJ8;INF205K01SK6;10.5379;10.5379;10.5379;11-Jun-2010
107477;Invesco India Gilt Fund - Growth;INF205K01SR1;;10.1748;10.1748;10.1748;11-Jun-2010
107471;Invesco India Gilt Fund - Monthly IDCW (Reinvestment);;INF205K01SS9;9.8764;9.8764;9.8764;11-Jun-2010
107472;Invesco India Gilt Fund - Quarterly IDCW (Payout / Reinvestment);INF205K01ST7;INF205K01SU5;10.1572;10.1572;10.1572;11-Jun-2010
107475;Religare Invesco GILT Fund - Long Duration Plan - Institutional-Growth;INF205K01AB3;;9.9866;9.9866;9.9866;11-Jun-2010

JM Financial Mutual Fund
100253;JM G-Sec Fund - Bonus Option - Principal Units;INF192K01817;;14.7947;14.7947;14.7947;11-Jun-2010
100250;JM G-Sec Fund - Growth Option;INF192K01809;;30.4224;30.4224;30.4224;11-Jun-2010
100249;JM G-Sec Fund - Quarterly Dividend Option;INF192K01783;INF192K01791;14.5417;14.5417;14.5417;11-Jun-2010

Kotak Mahindra Mutual Fund
100281;Kotak Gilt-Investment  Provident Fund and Trust-Growth;INF174K01FL9;;32.5889;32.5889;32.5889;11-Jun-2010
100280;Kotak Gilt-Investment  Provident Fund and Trust-Payout of Income Distribution cum capital withdrawal option;INF174K01FM7;;11.2786;11.2786;11.2786;11-Jun-2010
100265;Kotak Gilt-Investment Regular-Growth;INF174K01FI5;;31.9272;31.9272;31.9272;11-Jun-2010
100264;Kotak Gilt-Investment Regular-Payout of Income Distribution cum capital withdrawal option;INF174K01FK1;INF174K01FJ3;13.1968;13.1968;13.1968;11-Jun-2010
100263;Kotak Gilt-Savings-Annual Dividend;;;14.4422;14.4422;14.4422;11-Jun-2010
100262;Kotak Gilt-Savings-Growth;;;21.5968;21.5968;21.5968;11-Jun-2010
100261;Kotak Gilt-Savings-Monthly Dividend;;;10.4394;10.4394;10.4394;11-Jun-2010

L&T Mutual Fund
112429;L&T Gilt Fund - Regular Plan - Growth;INF917K01BP1;;21.2035;21.2035;21.2035;11-Jun-2010
112428;L&T Gilt Fund - Regular Plan - Quarterly IDCW;INF917K01BN6;INF917K01BO4;10.6211;10.6211;10.6211;11-Jun-2010

LIC Mutual Fund
100319;LIC MF Gilt Fund-PF Plan-Growth;INF767K01733;;12.6372;12.5108;12.6372;11-Jun-2010
100318;LIC MF Gilt Fund-PF Plan-IDCW;INF767K01717;INF767K01725;12.0845;11.9637;12.0845;11-Jun-2010
100317;LIC MF Gilt Fund-Regular Plan-Growth;INF767K01709;;21.9152;21.6960;21.9152;11-Jun-2010
100316;LIC MF Gilt Fund-Regular Plan-IDCW;INF767K01683;INF767K01691;10.1958;10.0938;10.1958;11-Jun-2010

Nippon India Mutual Fund
109717;Nippon India Gilt  Fund - Institutional Plan-Growth Plan -Growth Option;INF204K01BX8;;11.8876;11.8876;11.8876;11-Jun-2010
109723;NIPPON INDIA GILT  FUND - MONTHLY IDCW Option;INF204K01BV2;INF204K01BW0;9.9809;9.9011;9.9809;11-Jun-2010
109720;Nippon India Gilt  Fund -Growth Plan - Growth Option;INF204K01BU4;;11.8758;11.7808;11.8758;11-Jun-2010
109716;Nippon India Gilt  Fund -P F Option-Automatic Annual Reinvest Option;INF204K01CA4;;9.9549;9.8753;9.9549;11-Jun-2010
109721;Nippon India Gilt  Fund -P F Option-Defined Maturity Date Option;INF204K01CB2;;11.8758;11.7808;11.8758;11-Jun-2010
109718;Nippon India Gilt  Fund-Institutional Plan-P F Option-Automatic Capital Appreciation Payout Option;INF204K01CD8;;11.8876;11.8876;11.8876;11-Jun-2010
109724;Nippon India Gilt  Fund-P F Option-Automatic Capital Appreciation Payout Option;INF204K01CC0;;11.8758;11.7808;11.8758;11-Jun-2010

SBI Mutual Fund
102061;SBI MAGNUM GILT FUND -  GROWTH - PF (Fixed Period - 1 Yr) Option;INF200K01AB4;;11.9595;11.8997;11.9595;11-Jun-2010
101933;SBI MAGNUM GILT FUND -  GROWTH - PF (Fixed Period - 2 Yrs) Option;INF200K01AE8;;11.8291;11.7463;11.8291;11-Jun-2010
101934;SBI MAGNUM GILT FUND -  GROWTH - PF (Fixed Period - 3 Yrs) Option;INF200K01AH1;;11.6458;11.541;11.6458;11-Jun-2010
101932;SBI MAGNUM GILT FUND -  GROWTH - PF (Regular) Option;INF200K01AK5;;12.2057;12.2057;12.2057;11-Jun-2010
101950;SBI Magnum Gilt Fund - Income Distribution cum Capital Withdrawal Option (IDCW) - PF (Fixed Period - 1 Yr);INF200K01AC2;INF200K01AD0;10.0057;9.9557;10.0057;11-Jun-2010
101951;SBI Magnum Gilt Fund - Income Distribution cum Capital Withdrawal Option (IDCW) - PF (Fixed Period - 2 Yrs);INF200K01AF5;INF200K01AG3;10.1038;10.0331;10.1038;11-Jun-2010
101952;SBI Magnum Gilt Fund - Income Distribution cum Capital Withdrawal Option (IDCW) - PF (Fixed Period - 3 Yrs);INF200K01AI9;INF200K01AJ7;9.9614;9.8717;9.9614;11-Jun-2010
101935;SBI Magnum Gilt Fund - Income Distribution cum Capital Withdrawal Option (IDCW) - PF (Regular);INF200K01AL3;INF200K01AM1;10.1586;10.1586;10.1586;11-Jun-2010
101001;SBI MAGNUM GILT FUND - REGULAR PLAN - GROWTH;INF200K01982;;19.0473;19.0473;19.0473;11-Jun-2010
100999;SBI Magnum Gilt Fund - Regular Plan - Income Distribution cum Capital Withdrawal Option (IDCW);INF200K01990;INF200K01AA6;10.0911;10.0911;10.0911;11-Jun-2010

Sundaram Mutual Fund
101092;SUNDARAM GILT FUND (Growth. OPTION);INF903J01FA6;;15.1145;15.1145;0.0000;11-Jun-2010
101059;SUNDARAM GILT FUND (DIV. OPTION);INF903J01FB4;INF903J01FC2;11.5362;11.5362;0.0000;11-Jun-2010

Tata Mutual Fund
101902;Tata Gilt High Fund - Dividend Opt;INF277K01DO9;INF277K01543;12.4429;12.3185;12.4429;11-Jun-2010
102016;Tata Gilt High Fund - Growth;INF277K01550;;16.7882;16.6203;16.7882;11-Jun-2010
102046;Tata Gilt Retirement Plan (28/2/25) - Payout of IDCW Option;;;12.3860;12.3241;12.3860;11-Jun-2010
101945;Tata Gilt Retirement Plan- 28/2/25 Growth Option;;;12.4150;12.3529;12.4150;11-Jun-2010
101049;Tata Gilt Securities Fund - Regular Plan - Payout of IDCW Option;INF277K01DN1;INF277K01535;12.0437;12.0437;12.0437;11-Jun-2010
101042;Tata Gilt Securities Fund -Regular Plan- Growth Option;INF277K01519;;27.3926;27.3926;27.3926;11-Jun-2010
102263;Tata Gilt Securities Fund RIP ( Bonus);INF277K01527;;13.7362;13.7362;13.7362;11-Jun-2010

UTI Mutual Fund
102513;UTI - GILT ADVANTAGE-LONG TERM PF-( PRESCRIBED APPRECIATION AUTO REDEMPTION;INF789F01PP4;INF789F01PQ2;14.4207;14.4207;14.4207;11-Jun-2010
102512;UTI - GILT FUND - Discontinued PF Plan - Growth Option;INF789F01PT6;;14.4005;14.4005;14.4005;11-Jun-2010
102514;UTI - GILT FUND - Discontinued PF Plan Prescribed Date Auto Redemption Option;INF789F01PU4;;14.4085;14.4085;14.4085;11-Jun-2010
102510;UTI - GILT FUND - Regular Plan - Growth Option;INF789F01661;;19.3675;19.3675;19.3675;11-Jun-2010
102511;UTI - GILT FUND -Discontinued PF Plan -Dividend Option;INF789F01PR0;INF789F01PS8;11.8031;11.8031;11.8031;11-Jun-2010
102509;UTI Gilt Fund - Regular Plan - IDCW;INF789F01646;INF789F01653;12.0135;12.0135;12.0135;11-Jun-2010

Open Ended Schemes ( Debt Scheme - Gilt Fund with 10 year constant duration )


Bandhan Mutual Fund
108646;BANDHAN Government Securities Fund - Constant Maturity Plan - Regular Plan - Quarterly IDCW;INF194K01FF9;INF194K01FE2;10.0902;10.0902;10.0902;11-Jun-2010
108753;BANDHAN Government Securities Fund - Constant Maturity Plan - Regular Plan - Growth;INF194K01FA0;;13.8368;13.8368;13.8368;11-Jun-2010
111339;BANDHAN GSF - Constant Maturity Plan -Plan B Growth;INF194K01FK9;;10.0432;10.0432;10.0432;11-Jun-2010
108644;BANDHAN Government Securities Fund - Constant Maturity Plan - Regular Plan - Monthly IDCW;INF194K01FC6;INF194K01FB8;10.0259;10.0259;10.0259;11-Jun-2010

SBI Mutual Fund
101002;SBI MAGNUM CONSTANT MATURITY FUND - REGULAR PLAN - GROWTH;INF200K01AN9;;18.7145;18.7145;18.7145;11-Jun-2010
101003;SBI Magnum Constant Maturity Fund - Regular Plan - Income Distribution cum Capital Withdrawal Option (IDCW);INF200K01AO7;INF200K01AP4;10.873;10.873;10.873;11-Jun-2010

Open Ended Schemes ( Debt Scheme - Floater Fund )


Franklin Templeton Mutual Fund
101048;Franklin India Floating Rate Fund - Growth Plan;INF090I01LM7;;15.9956;15.9956;15.9956;11-Jun-2010
101044;Franklin India Floating Rate Fund - IDCW ;INF090I01LN5;;10.0000;10.0000;10.0000;11-Jun-2010

HDFC Mutual Fund
106838;HDFC Floating Rate Debt Fund - Daily IDCW Option;;INF179K01699;10.0809;10.0809;10.0809;11-Jun-2010
106841;HDFC Floating Rate Debt Fund - Growth Option;INF179K01707;;15.841;15.841;15.841;11-Jun-2010
106839;HDFC Floating Rate Debt Fund - Monthly IDCW Option;INF179K01715;INF179K01723;10.1599;10.1599;10.1599;11-Jun-2010
106840;HDFC Floating Rate Debt Fund - Weekly IDCW Option;INF179K01731;INF179K01749;10.141;10.141;10.141;11-Jun-2010
101483;HDFC Floating Rate Debt Fund - Retail Daily Div Option;;INF179K01640;10.0809;10.0809;10.0809;11-Jun-2010
101481;HDFC Floating Rate Debt Fund - Retail Growth Option;INF179K01632;;15.7138;15.7138;15.7138;11-Jun-2010
101484;HDFC Floating Rate Debt Fund - Retail Monthly Div option;INF179K01657;INF179K01665;10.1587;10.1587;10.1587;11-Jun-2010
101482;HDFC Floating Rate Debt Fund - Retail Weekly Div Option;INF179K01681;INF179K01673;10.1406;10.1406;10.1406;11-Jun-2010

ICICI Prudential Mutual Fund
101804;ICICI Prudential Floating Interest Fund - Daily IDCW;INF109K01AW3;;100.0210;100.0210;100.0210;11-Jun-2010
101803;ICICI Prudential Floating Interest Fund - Fortnightly IDCW;INF109K01AZ6;;100.2684;100.2684;100.2684;11-Jun-2010
101802;ICICI Prudential Floating Interest Fund - Growth;INF109K01AX1;;137.6327;137.6327;137.6327;11-Jun-2010
111545;ICICI Prudential Floating Interest Fund - Weekly IDCW;INF109K01EN4;INF109K01AY9;100.1218;100.1218;100.1218;11-Jun-2010
101800;ICICI Prudential Floating Interest Fund Plan A - Dividend Daily;INF109K01928;;100.0400;100.0400;100.0400;11-Jun-2010
101796;ICICI Prudential Floating Interest Fund Plan A - Fortnightly Dividend;INF109K01910;;100.7577;100.2539;100.7577;11-Jun-2010
101795;ICICI Prudential Floating Interest Fund Plan A - Growth;INF109K01936;;142.8697;142.1554;142.8697;11-Jun-2010
111544;ICICI Prudential Floating Interest Fund Plan A - Weekly Dividend Option;INF109K01EK0;INF109K01944;100.1125;100.1125;100.1125;11-Jun-2010
101799;ICICI Prudential Floating Interest Fund Plan B - Dividend Daily;INF109K01951;;100.0400;100.0400;100.0400;11-Jun-2010
101794;ICICI Prudential Floating Interest Fund Plan B - Fortnightly Dividend;INF109K01969;;101.1374;101.1374;101.1374;11-Jun-2010
101793;ICICI Prudential Floating Interest Fund Plan B - Growth;INF109K01977;;154.3318;154.3318;154.3318;11-Jun-2010
111543;ICICI Prudential Floating Interest Fund Plan B - Weekly Dividend Option;INF109K01EL8;INF109K01985;100.1147;100.1147;100.1147;11-Jun-2010
101801;ICICI Prudential Floating Interest Fund Plan C - Dividend Daily;INF109K01AA9;;100.0400;100.0400;100.0400;11-Jun-2010
101798;ICICI Prudential Floating Interest Fund Plan C - Fortnightly Dividend;INF109K01993;;100.7641;100.7641;100.7641;11-Jun-2010
101797;ICICI Prudential Savings Fund Plan C - Growth;INF109K01AB7;;145.5359;145.5359;145.5359;11-Jun-2010
111546;ICICI Prudential Savings Fund Plan C - Weekly Dividend Option;INF109K01EM6;INF109K01AC5;100.1162;100.1162;100.1162;11-Jun-2010

Nippon India Mutual Fund
102676;NIPPON INDIA FLOATER FUND - DAILY IDCW REINVESTMENT Option;;INF204K01CI7;10.0700;10.0448;10.0700;11-Jun-2010
102673;Nippon India Floater Fund - Growth Plan-Growth Option;INF204K01CG1;;14.6359;14.5993;14.6359;11-Jun-2010
102675;NIPPON INDIA FLOATER FUND - MONTHLY IDCW Option;INF204K01CH9;INF204K01CK3;10.1428;10.1174;10.1428;11-Jun-2010
102677;NIPPON INDIA FLOATER FUND - WEEKLY IDCW Option;INF204K01OQ5;INF204K01CJ5;10.0863;10.0611;10.0863;11-Jun-2010

Open Ended Schemes ( Hybrid Scheme - Conservative Hybrid Fund )


Aditya Birla Sun Life Mutual Fund
101818;Aditya Birla Sun Life Regular Savings Fund - Growth / Payment - Regular Plan;INF209K01751;INF209K01777;16.9680;16.7983;16.9680;11-Jun-2010
101816;Aditya Birla Sun Life Regular Savings Fund - REGULAR - MONTHLY IDCW;INF209K01769;INF209K01DF0;11.2978;11.1848;11.2978;11-Jun-2010
101817;Birla Sun Life Regular Savings Fund - Regular Plan - Monthly Payment;;;16.9680;16.7983;16.9680;11-Jun-2010

Bandhan Mutual Fund
112353;BANDHAN Conservative Hybrid Fund - Regular Plan - Growth;INF194K01RW9;;10.2670;10.2670;10.2670;11-Jun-2010
112352;BANDHAN Conservative Hybrid Fund - Regular Plan - IDCW;INF194K01RY5;INF194K01RX7;10.2266;10.2266;10.2266;11-Jun-2010

Baroda BNP Paribas Mutual Fund
102661;BARODA CONSERVATIVE HYBRID FUND - Plan A - Growth Option;INF955L01161;;12.6107;12.4846;12.6107;11-Jun-2010
102662;BARODA CONSERVATIVE HYBRID FUND - Plan A - Monthly IDCW Option;INF955L01179;INF955L01187;12.4156;12.2914;12.4156;11-Jun-2010
102663;BARODA CONSERVATIVE HYBRID FUND - Plan A - Quarterly IDCW Option;INF955L01195;INF955L01203;12.6114;12.4853;12.6114;11-Jun-2010

Canara Robeco Mutual Fund
100601;CANARA ROBECO CONSERVATIVE HYBRID FUND - REGULAR PLAN - GROWTH OPTION;INF760K01282;;28.0100;28.0100;28.0100;11-Jun-2010
100600;CANARA ROBECO CONSERVATIVE HYBRID FUND - REGULAR PLAN - MONTHLY IDCW (Payout/Reinvestment);INF760K01308;INF760K01316;14.3400;14.3400;14.3400;11-Jun-2010
112378;CANARA ROBECO CONSERVATIVE HYBRID FUND - REGULAR PLAN - QUARTERLY IDCW (Payout/Reinvestment);INF760K01AP7;INF760K01AQ5;14.7300;14.7300;14.7300;11-Jun-2010

DSP Mutual Fund
102450;DSP Regular Savings Fund - Regular Plan - IDCW - Monthly;INF740K01458;INF740K01466;11.1152;11.0040;11.1152;11-Jun-2010
102451;DSP Regular Savings Fund - Regular Plan - IDCW - Quarterly ;INF740K01474;INF740K01482;11.6348;11.5185;11.6348;11-Jun-2010
102448;DSP Regular Savings Fund- Regular Plan - Growth;INF740K01441;;18.4270;18.2427;18.4270;11-Jun-2010
102445;DSP BlackRock Savings Manager Fund - Conservative - Growth;;;14.0563;13.9157;14.0563;11-Jun-2010
102446;DSP BlackRock Savings Manager Fund - Conservative - Monthly Dividend;;;10.5088;10.4037;10.5088;11-Jun-2010
102447;DSP BlackRock Savings Manager Fund - Conservative - Quarterly Dividend;;;10.8580;10.7494;10.8580;11-Jun-2010

Franklin Templeton Mutual Fund
100948;Franklin India Conservative Hybrid Fund - Growth;INF090I01EA7;;26.8217;26.5535;26.8217;11-Jun-2010
100951;Franklin India Conservative Hybrid Fund - Monthly Bonus;INF090I01EF6;;12.0430;11.9226;12.0430;11-Jun-2010
100949;Franklin India Conservative Hybrid Fund - Plan A - Monthly - IDCW;INF090I01EB5;INF090I01EC3;11.4490;11.3345;11.4490;11-Jun-2010
100950;Franklin India Conservative Hybrid Fund - Plan A - Quarterly - IDCW;INF090I01ED1;INF090I01EE9;11.6885;11.5716;11.6885;11-Jun-2010

HDFC Mutual Fund
102147;HDFC Hybrid Debt Fund - Growth Plan;INF179K01AE4;;21.5052;21.2901;21.5052;11-Jun-2010
102148;HDFC Hybrid Debt Fund - IDCW Monthly;INF179K01AA2;INF179K01AB0;12.7401;12.6127;12.7401;11-Jun-2010
102149;HDFC Hybrid Debt Fund - IDCW Quarterly;INF179K01AC8;INF179K01AD6;13.1706;13.0389;13.1706;11-Jun-2010
102144;HDFC MF Monthly Income Plan-Short Term Plan-Growth Option;INF179K01AF1;;16.4395;16.2751;16.4395;11-Jun-2010
102145;HDFC MF Monthly Income Plan-Short Term Plan-Monthly Dividend Option;INF179K01AG9;INF179K01AH7;11.2561;11.1435;11.2561;11-Jun-2010
102146;HDFC MF Monthly Income Plan-Short Term Plan-Quarterly Dividend Option;INF179K01AI5;INF179K01AJ3;11.6127;11.4966;11.6127;11-Jun-2010

HSBC Mutual Fund
102262;HSBC Conservative Hybrid Fund - Regular Growth;INF336L01099;;18.4558;18.2712;18.4558;11-Jun-2010
102260;HSBC Conservative Hybrid Fund - Regular Monthly IDCW;INF336L01107;INF336L01115;11.9111;11.7920;11.9111;11-Jun-2010
102261;HSBC Conservative Hybrid Fund - Regular Quarterly IDCW;INF336L01123;INF336L01131;12.1560;12.0344;12.1560;11-Jun-2010

ICICI Prudential Mutual Fund
102330;ICICI Prudential Regular Savings Fund - Plan - Growth;INF109K01902;;18.4603;18.2757;18.4603;11-Jun-2010
102331;ICICI Prudential Regular Savings Fund - Plan - Monthly IDCW;INF109K01ER5;INF109K01894;12.1010;11.9800;12.1010;11-Jun-2010

Invesco Mutual Fund
112887;Invesco India Regular Savings Fund - Growth;INF205K01UA3;;10.0927;9.9918;10.0927;11-Jun-2010
112888;Invesco India Regular Savings Fund - Monthly Dividend;INF205K01UB1;INF205K01UC9;10.0927;9.9918;10.0927;11-Jun-2010

L&T Mutual Fund
112487;L&T Conservative Hybrid Fund- Regular Plan - Growth;INF917K01056;;18.8942;18.8942;18.8942;11-Jun-2010
112488;L&T Conservative Hybrid Fund -Regular Plan - Monthly IDCW;INF917K01031;INF917K01049;11.4789;11.4789;11.4789;11-Jun-2010
112489;L&T Conservative Hybrid Fund -Regular Plan -Quarterly IDCW;INF917K01064;INF917K01072;11.6880;11.6880;11.6880;11-Jun-2010

LIC Mutual Fund
101869;LIC MF Conservative Hybrid Fund-Regular Plan-Growth;INF767K01808;;31.7223;31.4051;31.7223;11-Jun-2010
101866;LIC MF Conservative Hybrid Fund-Regular Plan-Monthly IDCW;INF767K01816;INF767K01824;9.9989;9.8989;9.9989;11-Jun-2010
101867;LIC MF Conservative Hybrid Fund-Regular Plan-Quarterly IDCW;INF767K01832;INF767K01840;10.2078;10.1057;10.2078;11-Jun-2010
101868;LIC MF Conservative Hybrid Fund-Regular Plan-Yearly IDCW;INF767K01857;INF767K01865;10.2297;10.1274;10.2297;11-Jun-2010

Nippon India Mutual Fund
102173;NIPPON INDIA CONSERVATIVE HYBRID  FUND - MONTHLY IDCW Option;INF204K01FE9;INF204K01FF6;11.0292;10.9465;11.0292;11-Jun-2010
102174;NIPPON INDIA CONSERVATIVE HYBRID  FUND - QUARTERLY IDCW Option;INF204K01FG4;INF204K01FH2;11.5545;11.4678;11.5545;11-Jun-2010
102172;Nippon India Conservative Hybrid  Fund-Growth Plan;INF204K01FD1;;20.5270;20.3730;20.5270;11-Jun-2010

SBI Mutual Fund
100929;SBI Conservative Hybrid Fund - Regular Plan - Annual Income Distribution cum Capital Withdrawal Option (IDCW);INF200K01909;INF200K01917;11.1036;10.9926;11.1036;11-Jun-2010
100968;SBI Conservative Hybrid Fund - Regular Plan - Growth;INF200K01859;;19.3605;19.1669;19.3605;11-Jun-2010
100927;SBI Conservative Hybrid Fund - Regular Plan - Monthly Income Distribution cum Capital Withdrawal Option (IDCW);INF200K01867;INF200K01875;10.5831;10.4773;10.5831;11-Jun-2010
100928;SBI Conservative Hybrid Fund - Regular Plan - Quarterly Income Distribution cum Capital Withdrawal Option (IDCW);INF200K01883;INF200K01891;10.4243;10.3201;10.4243;11-Jun-2010

Sundaram Mutual Fund
102175;Sundaram  Monthly Income Plan-Monthly Dividend;INF903J01HQ8;INF903J01HT2;10.8557;10.8557;10.8557;11-Jun-2010
102176;Sundaram  Monthly Income Plan-Quarterly-Dividend;INF903J01HR6;INF903J01HU0;11.0230;11.0230;11.0230;11-Jun-2010
102178;Sundaram Monthly Income Plan-Growth;INF903J01HP0;;15.0909;15.0909;15.0909;11-Jun-2010
102177;Sundaram Monthly Income Plan-Half-yearly Dividend;INF903J01HS4;INF903J01HV8;10.9328;10.9328;10.9328;11-Jun-2010
112868;Sundaram Conservative Hybrid Fund (Formerly Known as Sundaram Debt Oriented Hybrid Fund) Regular Plan - Growth;INF903J01HB0;;10.0612;10.0612;10.0612;11-Jun-2010
112867;Sundaram Conservative Hybrid Fund (Formerly Known as Sundaram Debt Oriented Hybrid Fund) Regular Plan - Income Distribution cum Capital Withdrawal (IDCW);INF903J01HC8;INF903J01HF1;10.0630;10.0630;10.0630;11-Jun-2010
112870;Sundaram Conservative Hybrid Fund (Formerly Known as Sundaram Debt Oriented Hybrid Fund) Regular Plan -Income Distribution cum Capital Withdrawal (IDCW);INF903J01HD6;INF903J01HG9;10.0639;10.0639;10.0639;11-Jun-2010
112869;Sundaram Conservative Hybrid Fund (Formerly Known as Sundaram Debt Oriented Hybrid Fund) Regular Plan- Income Distribution cum Capital Withdrawal (IDCW);INF903J01HE4;INF903J01HH7;10.0643;10.0643;10.0643;11-Jun-2010
112873;Sundaram Regular Savings Fund - DIVIDEND;INF903J01HJ3;INF903J01HM7;10.0890;10.0890;10.0890;11-Jun-2010
112874;Sundaram Regular Savings Fund - GROWTH;INF903J01HI5;;10.0887;10.0887;10.0887;11-Jun-2010
112871;Sundaram Regular Savings Fund - Half-yearly Dividend;INF903J01HL9;INF903J01HO3;10.0892;10.0892;10.0892;11-Jun-2010
112872;Sundaram Regular Savings Fund - Quarterly Dividend;INF903J01HK1;INF903J01HN5;10.0881;10.0881;10.0881;11-Jun-2010

UTI Mutual Fund
102533;UTI Conservative Hybrd Fund - Regular Plan - Monthly Payment Option;INF789F01927;;19.2129;19.2129;19.2129;11-Jun-2010
102534;UTI Conservative Hybrid Fund - Regular Plan - Flexi IDCW;INF789F01877;INF789F01885;19.2045;19.2045;19.2045;11-Jun-2010
102535;UTI Conservative Hybrid Fund - Regular Plan - Growth Option;INF789F01893;;19.2034;19.2034;19.2034;11-Jun-2010
102536;UTI Conservative Hybrid Fund - Regular Plan - Monthly IDCW;INF789F01901;INF789F01919;13.0754;13.0754;13.0754;11-Jun-2010

Open Ended Schemes ( Hybrid Scheme - Balanced Hybrid Fund )


Nippon India Mutual Fund
102848;NIPPON INDIA BALANCED ADVANTAGE FUND - IDCW Option;INF204K01570;INF204K01588;21.5928;21.3769;21.5928;11-Jun-2010
102847;Nippon India Balanced Advantage Fund-Growth Plan-Bonus Option;INF204K01596;;36.2917;35.9288;36.2917;11-Jun-2010
102846;Nippon India Balanced Advantage Fund-Growth Plan-Growth Option;INF204K01604;;36.2917;35.9288;36.2917;11-Jun-2010

Sundaram Mutual Fund
111924;Sundaram Equity Hybrid Fund Institutional Plan - Income Distribution cum Capital Withdrawal (IDCW);INF903J01751;INF903J01769;0.0000;0.0000;0.0000;11-Jun-2010
100617;Sundaram Equity Hybrid Fund Regular Plan - Growth;INF903J01744;;44.4608;44.0162;44.0162;11-Jun-2010
101472;Sundaram Equity Hybrid Fund Regular Plan - Income Distribution cum Capital Withdrawal (IDCW);INF903J01728;INF903J01736;15.4839;15.3291;15.3291;11-Jun-2010

Open Ended Schemes ( Hybrid Scheme - Aggressive Hybrid Fund )


Aditya Birla Sun Life Mutual Fund
103155;Aditya Birla Sun Life Equity Hybrid'95 Fund - Regular Plan-Growth;INF209K01BT5;;280.69;277.88;280.69;11-Jun-2010
103154;Aditya Birla Sun Life Equity Hybrid'95 Fund -Regular - IDCW;INF209K01BS7;INF209K01EE1;108.28;107.20;108.28;11-Jun-2010

Baroda BNP Paribas Mutual Fund
101912;BARODA  HYBRID EQUITY FUND - Plan A - Growth Option;INF955L01708;;25.91;25.65;25.91;11-Jun-2010
101913;BARODA HYBRID EQUITY FUND - Plan A - IDCW Option;INF955L01682;INF955L01690;26.16;25.90;26.16;11-Jun-2010

Canara Robeco Mutual Fund
106166;CANARA ROBECO EQUITY HYBRID FUND - REGULAR PLAN - GROWTH OPTION;INF760K01050;;56.5100;56.5100;56.5100;11-Jun-2010
106167;CANARA ROBECO EQUITY HYBRID FUND - REGULAR PLAN - MONTHLY IDCW (Payout/Reinvestment);INF760K01068;INF760K01076;49.0300;49.0300;49.0300;11-Jun-2010

DSP Mutual Fund
100081;DSP Aggressive Hybrid Fund- Regular Plan - Growth;INF740K01318;;60.490;59.885;60.490;11-Jun-2010
100082;DSP Aggressive Hybrid Fund- Regular Plan - IDCW;INF740K01326;INF740K01334;21.786;21.568;21.786;11-Jun-2010

Edelweiss Mutual Fund
112013;Edelweiss Aggressive Hybrid Fund  - Plan B - IDCW Option;INF754K01137;INF754K01145;11.49;11.38;11.49;11-Jun-2010
112108;Edelweiss Aggressive Hybrid Fund - Regular Plan - Growth Option;INF754K01202;;11.57;11.45;11.57;11-Jun-2010
112109;Edelweiss Aggressive Hybrid Fund - Regular Plan - IDCW Option;INF754K01178;INF754K01186;10.55;10.44;10.55;11-Jun-2010
112012;Edelweiss Aggressive Hybrid Fund- Plan B-Growth Option;INF754K01160;;11.49;11.38;11.49;11-Jun-2010
112111;Edelweiss Multi-Asset Allocation Fund-Plan C- Dividend Option;INF754K01210;INF754K01228;10.24;10.14;10.24;11-Jun-2010

Franklin Templeton Mutual Fund
100550;Franklin India Aggressive Hybrid Fund - Growth Plan;INF090I01817;;45.3303;44.8770;45.3303;11-Jun-2010
100549;Franklin India Aggressive Hybrid Fund - IDCW;INF090I01825;INF090I01833;19.4521;19.2576;19.4521;11-Jun-2010

HDFC Mutual Fund
102948;HDFC Hybrid Equity Fund - Growth Plan;INF179K01AS4;;26.15;25.889;26.15;11-Jun-2010
102947;HDFC Hybrid Equity Fund - IDCW Plan;INF179K01AQ8;INF179K01AR6;14.829;14.681;14.829;11-Jun-2010

ICICI Prudential Mutual Fund
100356;ICICI Prudential Equity & Debt Fund - Growth;INF109K01480;;41.47;41.06;41.47;11-Jun-2010
100355;ICICI Prudential Equity & Debt Fund - Monthly IDCW;INF109K01DX5;INF109K01498;15.33;15.18;15.33;11-Jun-2010

JM Financial Mutual Fund
100220;JM Aggressive Hybrid Fund (Regular) - IDCW;INF192K01528;INF192K01536;15.8876;15.8876;15.8876;11-Jun-2010
100221;JM Aggressive Hybrid Fund (Regular) -Growth Option;INF192K01544;;22.2762;22.2762;22.2762;11-Jun-2010

Kotak Mahindra Mutual Fund
100286;Kotak Aggressive Hybrid Fund - Regular Plan - IDCW - Payout & Reinvestment of Income Distribution cum capital withdrawal option;INF174K01450;INF174K01443;21.87;21.651;21.87;11-Jun-2010

LIC Mutual Fund
100323;LIC MF Aggressive Hybrid Fund-Regular Plan-Growth;INF767K01030;;51.7058;51.1887;51.7058;11-Jun-2010
100321;LIC MF Aggressive Hybrid Fund-Regular Plan-IDCW;INF767K01022;INF767K01014;10.9287;10.8194;10.9287;11-Jun-2010

Nippon India Mutual Fund
112936;Nippon India Aggressive Hybrid Fund - Growth Plan;INF204K01FW1;;20.6270;20.4207;20.6270;11-Jun-2010
112937;NIPPON INDIA AGGRESSIVE HYBRID FUND - IDCW Option;INF204K01FX9;INF204K01FY7;14.4598;14.3152;14.4598;11-Jun-2010

Principal Mutual Fund
101266;Principal Hybrid Equity Fund- Monthly Income Distribution CUM Capital Withdrawal;INF173K01CI4;INF173K01CJ2;14.95;14.8;14.95;11-Jun-2010
101265;Principal Hybrid Equity Fund-Growth;INF173K01CL8;;29.6;29.3;29.6;11-Jun-2010

quant Mutual Fund
101070;quant Aggressive Hybrid Fund - Growth Option - Regular Plan;INF966L01267;;59.2648;59.2648;60.5983;11-Jun-2010
101069;quant Aggressive Hybrid Fund-IDCW Option - Regular Plan;INF966L01242;INF966L01259;11.3270;11.3270;11.5819;11-Jun-2010

SBI Mutual Fund
101551;SBI Equity Hybrid Fund - Regular Plan - Income Distribution cum Capital Withdrawal Option (IDCW);INF200K01115;INF200K01123;25.74;25.48;25.74;11-Jun-2010
102885;SBI EQUITY HYBRID FUND - REGULAR PLAN -Growth;INF200K01107;;47.96;47.48;47.96;11-Jun-2010

Tata Mutual Fund
100414;Tata Hybrid Equity Fund- Regular Plan - Growth Option;INF277K01303;;76.4580;75.6934;76.4580;11-Jun-2010
101222;Tata Hybrid Equity Fund- Regular Plan - Periodic Payout of IDCW Option;INF277K01DB6;INF277K01295;48.2256;47.7433;48.2256;11-Jun-2010

UTI Mutual Fund
100684;UTI Aggressive Hybrid Fund - Regular Plan - Growth;INF789F01323;;74.45;74.45;74.45;11-Jun-2010
100685;UTI Aggressive Hybrid Fund - Regular Plan - IDCW;INF789F01307;INF789F01315;22.42;22.42;22.42;11-Jun-2010

Open Ended Schemes ( Hybrid Scheme - Dynamic Asset Allocation or Balanced Advantage )


Edelweiss Mutual Fund
112117;Edelweiss Balanced Advantage Fund - Regular Plan - Growth Option;INF754K01285;;10.69;10.58;10.69;11-Jun-2010
112118;Edelweiss Balanced Advantage Fund - Regular Plan - Quarterly - IDCW Option;INF754K01251;INF754K01269;10.69;10.58;10.69;11-Jun-2010

HDFC Mutual Fund
100119;HDFC Balanced Advantage Fund - Growth Plan;INF179K01830;;77.408;76.634;77.408;11-Jun-2010
100120;HDFC Balanced Advantage Fund - IDCW Plan;INF179K01814;INF179K01822;30.313;30.01;30.313;11-Jun-2010

HSBC Mutual Fund
106671;HSBC Dynamic Asset Allocation Fund - Dividend;INF336L01404;INF336L01396;9.4141;9.3200;9.4141;11-Jun-2010
106670;HSBC Dynamic Asset Allocation Fund - Growth;INF336L01412;;9.4141;9.3200;9.4141;11-Jun-2010

ICICI Prudential Mutual Fund
104685;ICICI Prudential Balanced Advantage Fund - Growth;INF109K01BH2;;12.66;12.53;12.66;11-Jun-2010
104686;ICICI Prudential Balanced Advantage Fund - IDCW;INF109K01EG8;INF109K01BG4;12.00;11.88;12.00;11-Jun-2010

Invesco Mutual Fund
106317;Invesco India Balanced Advantage Fund - Growth;INF205K01213;;11.82;11.70;11.82;11-Jun-2010
106316;Invesco India Balanced Advantage Fund - IDCW (Payout / Reinvestment);INF205K01239;INF205K01221;11.82;11.70;11.82;11-Jun-2010

UTI Mutual Fund
100646;UTI - Unit Linked Insurance Plan;;;17.6213;17.6213;17.6213;11-Jun-2010

Open Ended Schemes ( Hybrid Scheme - Multi Asset Allocation )


HDFC Mutual Fund
103131;HDFC Multi-Asset Fund - Growth Option;INF179K01AP0;;15.4738;15.3191;15.4738;11-Jun-2010
103130;HDFC Multi-Asset Fund - IDCW Option;INF179K01AN5;INF179K01AO3;11.0147;10.9046;11.0147;11-Jun-2010

ICICI Prudential Mutual Fund
101144;ICICI Prudential Multi-Asset Fund - Growth;INF109K01761;;97.1568;96.1852;97.1568;11-Jun-2010
101143;ICICI Prudential Multi-Asset Fund - IDCW;INF109K01ED5;INF109K01779;18.3113;18.1282;18.3113;11-Jun-2010
104898;ICICI Prudential Multi-Asset Fund-Institutional Option - I;INF109K01787;;15.1475;14.9960;15.1475;11-Jun-2010

quant Mutual Fund
101071;quant Multi Asset Allocation Fund - IDCW Option - Regular Plan;INF966L01184;INF966L01192;19.0092;19.0092;19.0092;11-Jun-2010
101072;quant Multi Asset Allocation Fund-GROWTH OPTION - Regular Plan;INF966L01200;;20.8261;20.8261;20.8261;11-Jun-2010

SBI Mutual Fund
103409;SBI Multi Asset Allocation Fund - Regular Plan - Annual Income Distribution cum Capital Withdrawal Option (IDCW);INF200K01784;INF200K01792;11.0853;11.0853;11.0853;11-Jun-2010
103408;SBI MULTI ASSET ALLOCATION FUND - REGULAR PLAN - GROWTH;INF200K01800;;12.4286;12.4286;12.4286;11-Jun-2010
103400;SBI Multi Asset Allocation Fund - Regular Plan - Monthly Income Distribution cum Capital Withdrawal Option (IDCW);INF200K01818;INF200K01826;10.3341;10.3341;10.3341;11-Jun-2010
103401;SBI Multi Asset Allocation Fund - Regular Plan - Quarterly Income Distribution cum Capital Withdrawal Option (IDCW);INF200K01834;INF200K01842;10.3899;10.3899;10.3899;11-Jun-2010

UTI Mutual Fund
111599;UTI Multi Asset Allocation Fund - Regular Plan - Growth Option;INF789F01AP6;;17.01;17.01;17.01;11-Jun-2010
111602;UTI Multi Asset Allocation Fund - Regular Plan - IDCW;INF789F01AN1;INF789F01AO9;13.69;13.69;13.69;11-Jun-2010

Open Ended Schemes ( Hybrid Scheme - Arbitrage Fund )


Aditya Birla Sun Life Mutual Fund
112085;Aditya BIRLA SUN LIFE ARBITRAGE FUND - INSTITUTIONAL PLAN - DIVIDEND;;INF209K01LH9;10.0753;9.9997;10.0753;11-Jun-2010
112088;Aditya BIRLA SUN LIFE ARBITRAGE FUND - REGULAR PLAN - GROWTH;INF209K01264;;10.2905;10.2133;10.2905;11-Jun-2010
112087;Aditya Birla Sun Life Arbitrage Fund-Regular - IDCW;INF209K01256;INF209K01CI6;10.0494;9.9740;10.0494;11-Jun-2010

Bandhan Mutual Fund
108844;BANDHAN Arbitrage Fund - Plan B - Dividend;INF194K01623;INF194K01631;10.5793;10.5793;10.5793;11-Jun-2010
108846;BANDHAN Arbitrage Fund - Plan B - Growth;INF194K01615;;12.5304;12.5304;12.5304;11-Jun-2010
108845;BANDHAN Arbitrage Fund - Regular Plan - Growth;INF194K01649;;12.3143;12.3143;12.3143;11-Jun-2010
108847;BANDHAN Arbitrage Fund - Regular Plan - Monthly IDCW;INF194K01656;INF194K01664;10.4215;10.4215;10.4215;11-Jun-2010

HDFC Mutual Fund
106796;HDFC ARBITRAGE FUND - Retail Growth Option;INF179K01319;;11.707;11.59;11.707;11-Jun-2010
106799;HDFC ARBITRAGE FUND - Retail IDCW Option;;;10.17;10.068;10.17;11-Jun-2010
106797;HDFC ARBITRAGE FUND - Retail Quarterly IDCW Option;INF179K01327;;10.518;10.413;10.518;11-Jun-2010
106793;HDFC ARBITRAGE FUND - Wholesale Growth Option;INF179K01343;;11.785;11.667;11.785;11-Jun-2010
106795;HDFC ARBITRAGE FUND - Wholesale IDCW Option;INF179KA1KM1;INF179KA1KL3;10.548;10.443;10.548;11-Jun-2010
106794;HDFC Arbitrage Fund Wholesale Plan Dividend Option;;;10.123;10.022;10.123;11-Jun-2010

ICICI Prudential Mutual Fund
104682;ICICI Prudential Equity - Arbitrage Fund-Institutional Dividend Option;INF109K01EE3;INF109K01BC3;10.63;10.58;10.63;11-Jun-2010
104684;ICICI Prudential Equity - Arbitrage Fund-Institutional Growth Option;INF109K01BD1;;12.75;12.69;12.75;11-Jun-2010
104683;ICICI Prudential Equity Arbitrage Fund - Growth;INF109K01BF6;;12.65;12.59;12.65;11-Jun-2010
104681;ICICI Prudential Equity Arbitrage Fund - IDCW;INF109K01EF0;INF109K01BE9;10.51;10.46;10.51;11-Jun-2010

Invesco Mutual Fund
105603;Invesco India Arbitrage Fund - Growth Option;INF205K01122;;12.1679;12.0766;12.1679;11-Jun-2010
105604;Invesco India Arbitrage Fund - IDCW (Payout / Reinvestment);INF205K01148;INF205K01130;10.1348;10.0588;10.1348;11-Jun-2010

JM Financial Mutual Fund
103780;JM Arbitrage Fund (Regular) - Growth Option;INF192K01510;;13.0389;12.9085;13.0389;11-Jun-2010
103781;JM Arbitrage Fund (Regular) - IDCW ;INF192K01494;INF192K01502;10.1786;10.0768;10.1786;11-Jun-2010

Kotak Mahindra Mutual Fund
105968;Kotak Arbitrage Fund - Regular Plan - Growth;INF174K01302;;13.7911;13.7221;13.7911;11-Jun-2010
105967;Kotak Arbitrage Fund - Regular Plan - IDCW - Payout & Re-investment of Income Distribution cum capital withdrawal option;INF174K01328;INF174K01310;10.5824;10.5295;10.5824;11-Jun-2010

SBI Mutual Fund
104457;SBI Arbitrage Opportunities Fund - Regular Plan - Gr;INF200K01156;;12.7399;12.7081;12.7399;11-Jun-2010
104458;SBI Arbitrage Opportunities Fund - Regular Plan - Income Distribution cum Capital Withdrawal Option (IDCW);INF200K01131;INF200K01149;10.9741;10.9467;10.9741;11-Jun-2010

UTI Mutual Fund
104075;UTI Arbitrage Fund - Regular Plan - Growth Option;INF789FB1RJ0;;13.471;0;13.471;11-Jun-2010
104074;UTI Arbitrage Fund - Regular Plan - IDCW;INF789FB1RH4;INF789FB1RI2;11.0812;0;11.0812;11-Jun-2010

Open Ended Schemes ( Hybrid Scheme - Equity Savings )


Bandhan Mutual Fund
108995;BANDHAN Equity Savings Fund - Regular Plan - Growth;INF194K01581;;11.1998;11.1998;11.1998;11-Jun-2010
108992;BANDHAN Equity Savings Fund - Regular Plan - Monthly IDCW;INF194K01599;INF194K01607;10.6041;10.6041;10.6041;11-Jun-2010
108993;BANDHAN Equity Savings Fund -B-DIVIDEND;INF194K01565;INF194K01573;10.6653;10.6653;10.6653;11-Jun-2010
108994;BANDHAN Equity Savings Fund -B-GROWTH;INF194K01557;;11.2302;11.2302;11.2302;11-Jun-2010

HDFC Mutual Fund
101585;HDFC Equity Savings Fund - GROWTH PLAN;INF179K01AM7;;16.8466;16.6781;16.8466;11-Jun-2010
101586;HDFC Equity Savings Fund - IDCW PLAN;INF179K01AK1;INF179K01AL9;10.9773;10.8675;10.9773;11-Jun-2010

Principal Mutual Fund
101498;Principal Equity Savings Fund - Growth Option;INF173K01213;;20.6527;20.4462;20.6527;11-Jun-2010
101499;Principal Equity Savings Fund - Half Yearly Income Distribution CUM Capital Withdrawal;INF173K01247;INF173K01254;10.7183;10.6111;10.7183;11-Jun-2010
101500;Principal Equity Savings Fund -Quaterly Income Distribution CUM Capital Withdrawal;INF173K01262;INF173K01270;11.5211;11.4059;11.5211;11-Jun-2010

Tata Mutual Fund
101906;Tata Equity Savings Fund -Regular Plan-Growth Option;INF277K01907;;18.2613;18.0787;18.2613;11-Jun-2010
102118;Tata Equity Savings Fund- Regular Plan - Periodic Payout of IDCW Option;INF277K01EF5;INF277K01915;12.5149;12.3898;12.5149;11-Jun-2010
101609;TATA Equity Savings Fund- Regular Plan -Monthly Payout of IDCW option;INF277K01EE8;INF277K01899;12.3207;12.1975;12.3207;11-Jun-2010

Open Ended Schemes ( Solution Oriented Scheme - Retirement Fund )


Franklin Templeton Mutual Fund
100536;Franklin India Retirement Fund - Growth;INF090I01510;;55.2881;55.2881;55.2881;11-Jun-2010
100535;Franklin India Retirement Fund - IDCW;INF090I01528;INF090I01536;15.0619;15.0619;15.0619;11-Jun-2010

UTI Mutual Fund
100682;UTI Retirement Fund - Regular Plan;;;18.7654;18.7654;18.7654;11-Jun-2010

Open Ended Schemes ( Solution Oriented Scheme - Children’s Fund )


HDFC Mutual Fund
100900;HDFC Childrens Fund - Growth Plan;;;36.091;35.008;36.091;11-Jun-2010
100899;HDFC Childrens Fund-Savings;;;20.963;20.334;20.963;11-Jun-2010

ICICI Prudential Mutual Fund
101127;ICICI Prudential Child Care Fund (Gift Plan) - Cumulative;INF109K01605;;54.97;54.42;54.97;11-Jun-2010

LIC Mutual Fund
101271;LIC MF Children's Fund-Regular Plan-Growth;INF767K01048;;10.3193;10.2161;10.3193;11-Jun-2010

SBI Mutual Fund
101169;SBI Magnum Children's Benefit Fund - Savings Plan - REGULAR PLAN - GROWTH;INF200K01776;;20.9704;20.3413;20.9704;11-Jun-2010

Tata Mutual Fund
101491;Tata Young Citizens' Fund -Regular Plan-Growth Option;INF277K01AJ5;;19.1003;18.9093;19.5778;11-Jun-2010
101490;Tata Young Citizen Fund [>3 years upto 7 years] Regular Plan;;;19.1003;18.7183;19.5778;11-Jun-2010
101489;Tata Young Citizen Fund [Upto 3 years] Regular Plan;;;19.1003;18.5273;19.5778;11-Jun-2010

UTI Mutual Fund
102267;UTI Children's Equity Fund - Regular Plan - Growth Option;;;15.1992;15.1992;15.1992;11-Jun-2010
102266;UTI Children's Equity Fund - Regular Plan - IDCW;;;15.1991;15.1991;15.1991;11-Jun-2010
100678;UTI Children's Hybrid Fund - Regular Plan;;;14.4908;14.4908;14.4908;11-Jun-2010

Open Ended Schemes ( Other Scheme - Index Funds )


Aditya Birla Sun Life Mutual Fund
101314;Aditya Birla Sun Life Nifty 50 Index Fund - Growth - Regular Plan;INF209K01LB2;;50.9812;50.7263;50.9812;11-Jun-2010
101313;Aditya Birla Sun Life Nifty 50 Index Fund -REGULAR - IDCW;INF209K01LA4;INF209K01LC0;19.7071;19.6086;19.7071;11-Jun-2010

Bandhan Mutual Fund
112877;BANDHAN Nifty 50 Index Fund - Regular Plan - Growth;INF194K01920;;9.7280;9.7280;9.7280;11-Jun-2010
112878;BANDHAN Nifty 50 Index Fund - Regular Plan - IDCW;INF194K01938;INF194K01946;9.7280;9.7280;9.7280;11-Jun-2010

Franklin Templeton Mutual Fund
100484;Franklin India Index Fund- NSE Nifty 50 Index Fund - Growth;INF090I01890;;40.2501;39.8476;40.2501;11-Jun-2010
105067;Franklin India INDEX FUND- NSE NIFTY 50 INDEX FUND - IDCW;INF090I01874;INF090I01882;40.2501;39.8476;40.2501;11-Jun-2010

HDFC Mutual Fund
101281;HDFC BSE Sensex Index Fund - Growth Plan;INF179K01LA9;;142.3064;142.3064;142.3064;11-Jun-2010
101525;HDFC Nifty 50 Index Fund - Growth Plan;INF179K01KZ8;;44.6556;44.6556;44.6556;11-Jun-2010

ICICI Prudential Mutual Fund
101349;ICICI Prudential Nifty 50 Index Fund - Cumulative Option;INF109K01PI0;;47.3260;46.8527;47.3260;11-Jun-2010

LIC Mutual Fund
101199;LIC MF BSE Sensex Index Fund-Regular Plan-Growth;INF767K01139;;31.8310;31.5127;31.8310;11-Jun-2010
101198;LIC MF BSE Sensex Index Fund-Regular Plan-IDCW;INF767K01121;INF767K01113;10.9073;10.7982;10.9073;11-Jun-2010
101202;LIC MF Index Fund-Sensex Advantage-Dividend;INF767K01188;INF767K01170;10.6273;10.5210;10.6273;11-Jun-2010
101203;LIC MF Index Fund-Sensex Advantage-Growth;INF767K01196;;30.0377;29.7373;30.0377;11-Jun-2010
101201;LIC MF Nifty 50 Index Fund-Regular Plan-Growth;INF767K01162;;28.2504;27.9679;28.2504;11-Jun-2010
101200;LIC MF Nifty 50 Index Fund-Regular Plan-IDCW;INF767K01154;INF767K01147;10.4220;10.3178;10.4220;11-Jun-2010

Principal Mutual Fund
100153;Principal Nifty 100 Equal Weight Fund-Growth;INF173K01AG2;;35.0099;34.6598;35.0099;11-Jun-2010
100152;Principal Nifty 100 Equal Weight Fund-Income Distribution CUM Capital Withdrawal;INF173K01AH0;INF173K01AI8;20.5617;20.3561;20.5617;11-Jun-2010

SBI Mutual Fund
102272;SBI NIFTY INDEX FUND - REGULAR PLAN - GROWTH;INF200K01537;;43.6043;43.6043;43.6043;11-Jun-2010
102273;SBI Nifty Index Fund - Regular Plan - Income Distribution cum Capital Withdrawal Option (IDCW);INF200K01545;INF200K01552;22.3339;22.3339;22.3339;11-Jun-2010

Tata Mutual Fund
101746;Tata S&P BSE Sensex Index Fund -Regular Plan;INF277K01758;;41.5888;39.9252;41.5888;11-Jun-2010
101659;Tata Nifty 50 Index Fund -Regular Plan;INF277K01741;;30.5793;29.3561;30.5793;11-Jun-2010

UTI Mutual Fund
100822;UTI Nifty 50 Index Fund - Regular Plan - Growth Option;INF789F01JN2;;31.9501;31.9501;31.9501;11-Jun-2010
100823;UTI Nifty 50 Index Fund - Regular Plan - IDCW;INF789F01JL6;INF789F01JM4;16.2685;16.2685;16.2685;11-Jun-2010

Open Ended Schemes ( Other Scheme - Gold ETF )


Invesco Mutual Fund
112368;Invesco India Gold Exchange Traded Fund;INF205K01361;;1880.2763;1880.2763;1880.2763;11-Jun-2010

Kotak Mahindra Mutual Fund
106193;KOTAK GOLD ETF;INF174KA1HJ8;;1828.7775;1828.7775;1828.7775;11-Jun-2010

Quantum Mutual Fund
107693;Quantum Gold Fund;INF082J01408;;910.0120;910.0120;910.0120;11-Jun-2010

SBI Mutual Fund
111954;SBI Gold ETF;INF200KA16D8;;1860.0663;1860.0663;1860.0663;11-Jun-2010

UTI Mutual Fund
105463;UTI GOLD Exchange Traded Fund;INF789F1AUX7;;1829.0951;0;1829.0951;11-Jun-2010

Open Ended Schemes ( Other Scheme - Other  ETFs )


ICICI Prudential Mutual Fund
101705;ICICI Prudential BSE Sensex ETF;INF346A01034;;177.2381;177.2381;177.2381;11-Jun-2010

Kotak Mahindra Mutual Fund
109010;Kotak BSE Sensex ETF;INF174KA1JD7;;172.8773;172.8773;172.8773;11-Jun-2010
112351;Kotak Nifty 50 ETF;INF174K014P6;;513.9459;513.9459;513.9459;11-Jun-2010
106929;Kotak Nifty PSU Bank ETF;INF373I01023;;376.2746;376.2746;376.2746;11-Jun-2010

Quantum Mutual Fund
108479;Quantum Nifty 50 ETF;INF082J01028;;515.5168;515.5168;515.5168;11-Jun-2010

Open Ended Schemes ( Other Scheme - FoF Overseas )


DSP Mutual Fund
112126;DSP Global Clean Energy Fund of Fund - Regular Plan - Growth;INF740K01284;;9.2459;9.1534;9.2459;11-Jun-2010
112127;DSP Global Clean Energy Fund of Fund - Regular Plan - IDCW;INF740K01292;INF740K01300;9.2459;9.1534;9.2459;11-Jun-2010
106597;DSP World Gold Fund of Fund - Regular Plan - Growth;INF740K01250;;15.8478;15.6893;15.8478;11-Jun-2010
106596;DSP World Gold Fund of Fund - Regular Plan - IDCW;INF740K01268;INF740K01276;13.8193;13.6811;13.8193;11-Jun-2010
112293;DSP World Mining Fund of Fund - Regular Plan - Growth;INF740K01730;;9.1693;9.0776;9.1693;11-Jun-2010
112347;DSP World Mining Fund of Fund - Regular Plan - IDCW;INF740K01748;INF740K01AL8;9.1693;9.0776;9.1693;11-Jun-2010

HSBC Mutual Fund
107988;HSBC Global Emerging Markets Fund - Growth;INF336L01446;;8.6360;8.5496;8.6360;11-Jun-2010
107989;HSBC Global Emerging Markets Fund - IDCW;INF336L01438;INF336L01420;8.6360;8.5496;8.6360;11-Jun-2010

Kotak Mahindra Mutual Fund
106441;Kotak Global Emerging Market Fund - Growth;INF174K01DV3;;8.507;8.507;8.507;11-Jun-2010
106442;Kotak Global Emerging Market Fund - Payout of Income Distribution cum capital withdrawal option;INF174K01DX9;INF174K01DW1;8.507;8.507;8.507;11-Jun-2010

Principal Mutual Fund
102336;Principal Global Opportunities Fund- Income Distribution CUM Capital Withdrawal Option;INF173K01CQ7;INF173K01CR5;15.1441;14.9927;15.1441;11-Jun-2010
102337;Principal Global Opportunities Fund-Growth Option;INF173K01CT1;;15.1441;14.9927;15.1441;11-Jun-2010

Sundaram Mutual Fund
106370;Sundaram Global Brand Theme-Equity Active FOF - Regular Growth;INF903J01EX1;;9.8900;9.8900;9.8900;11-Jun-2010
106369;Sundaram Global Brand Theme-Equity Active FOF - Regular IDCW;INF903J01EY9;INF903J01EZ6;9.8900;9.8900;9.8900;11-Jun-2010

Open Ended Schemes ( Other Scheme - FoF Domestic )


Bandhan Mutual Fund
112332;BANDHAN Asset Allocation Fund - Regular Plan - Aggressive Plan - Growth;INF194K01953;;10.5381;10.5381;10.5381;11-Jun-2010
112331;BANDHAN Asset Allocation Fund - Regular Plan - Aggressive Plan - IDCW;INF194K01961;INF194K01979;10.4720;10.4720;10.4720;11-Jun-2010
112327;BANDHAN Asset Allocation Fund - Regular Plan - Conservative Plan - Growth;INF194K01987;;10.2224;10.2224;10.2224;11-Jun-2010
112328;BANDHAN Asset Allocation Fund - Regular Plan - Conservative Plan - IDCW;INF194K01995;INF194K01AA1;10.2033;10.2033;10.2033;11-Jun-2010
112329;BANDHAN Asset Allocation Fund - Regular Plan - Moderate Plan - Growth;INF194K01AB9;;10.3770;10.3770;10.3770;11-Jun-2010
112330;BANDHAN Asset Allocation Fund - Regular Plan - Moderate Plan - IDCW;INF194K01AC7;INF194K01AD5;10.3362;10.3362;10.3362;11-Jun-2010
108547;Bandhan Income Plus Arbitrage Fund of Funds - Regular Plan - Annual IDCW;INF194K01SG0;INF194K01SF2;11.7456;11.7456;11.7456;11-Jun-2010
108545;Bandhan Income Plus Arbitrage Fund of Funds - Regular Plan - Growth;INF194K01SE5;;14.8811;14.8811;14.8811;11-Jun-2010
108546;Bandhan Income Plus Arbitrage Fund of Funds - Regular Plan - Half Yearly IDCW;INF194K01SI6;INF194K01SH8;11.0275;11.0275;11.0275;11-Jun-2010
108544;Bandhan Income Plus Arbitrage Fund of Funds - Regular Plan - Quarterly IDCW;INF194K01SK2;INF194K01SJ4;11.2149;11.2149;11.2149;11-Jun-2010

Franklin Templeton Mutual Fund
101657;Franklin India Dynamic Asset Allocation Active Fund of funds - IDCW;INF090I01247;INF090I01254;34.1553;33.8137;34.1553;11-Jun-2010
101656;Franklin India Dynamic Asset Allocation Active Fund of Funds-Growth;INF090I01262;;37.3101;36.9370;37.3101;11-Jun-2010
102108;Franklin India Life Stage Fund of Funds - 20's Plan - IDCW ;INF090I01577;;33.5118;33.1767;33.5118;11-Jun-2010
102107;Franklin INDIA LIFE STAGE FUND OF FUNDS - THE 20S PLAN (G);INF090I01593;;33.5118;33.1767;33.5118;11-Jun-2010
102110;Franklin India Life Stage Fund of Funds - 30's Plan - IDCW ;INF090I01601;;25.7340;25.5410;25.7340;11-Jun-2010
102109;Franklin INDIA LIFE STAGE FUND OF FUNDS - THE 30S PLAN (G);INF090I01627;;25.7340;25.5410;25.7340;11-Jun-2010
102111;Franklin India Life Stage Fund of Funds - 40's Plan - IDCW ;INF090I01635;;16.1458;16.0247;16.1458;11-Jun-2010
102112;Franklin INDIA LIFE STAGE FUND OF FUNDS - THE 40S PLAN (G);INF090I01650;;21.6265;21.4643;21.6265;11-Jun-2010
102546;Franklin India Life Stage Fund Of Funds - 50's Plus Floating Rate Plan - IDCW ;INF090I01692;;12.8510;12.7225;12.8510;11-Jun-2010
102547;Franklin India Life Stage Fund of Funds - The 50s Plus Flo (Gro);INF090I01718;;18.3500;18.1665;18.3500;11-Jun-2010
102113;Franklin India Life Stage Fund of Funds - 50's Plus Plan - IDCW ;INF090I01668;;12.2914;12.1685;12.2914;11-Jun-2010
102114;Franklin INDIA LIFE STAGE FUND OF FUNDS - THE 50+S PLAN (G);INF090I01684;;17.6690;17.4923;17.6690;11-Jun-2010

ICICI Prudential Mutual Fund
102137;ICICI Prudential Asset Allocator Fund (FOF) - Growth;INF109K01837;;23.1634;23.1634;23.1634;11-Jun-2010
102138;ICICI Prudential Asset Allocator Fund (FOF) - IDCW;INF109K01FJ9;INF109K01845;23.1634;23.1634;23.1634;11-Jun-2010
102141;ICICI Prudential Debt Management Fund (FOF) - Growth;INF109K01878;;14.7004;14.7004;14.7004;11-Jun-2010
102143;ICICI Prudential Debt Management Fund (FOF ) - IDCW;INF109K01FS0;INF109K01886;14.7004;14.7004;14.7004;11-Jun-2010
102139;ICICI Prudential Income Plus Arbitrage Active FOF - Growth;INF109K01811;;17.4630;17.4630;17.4630;11-Jun-2010
102140;ICICI Prudential Income plus Arbitrage Active FOF - IDCW;INF109K01EB9;INF109K01829;17.4630;17.4630;17.4630;11-Jun-2010
102134;ICICI Prudential Passive Strategy Fund (FOF) - IDCW;INF109K01DW7;INF109K01803;27.6138;27.6138;27.6138;11-Jun-2010
102133;ICICI Prudential Passive Strategy Fund (FOF) - Growth;INF109K01795;;27.6138;27.6138;27.6138;11-Jun-2010
102135;ICICI Prudential Thematic Advantage Fund (FOF) - Growth;INF109K01852;;31.8371;31.8371;31.8371;11-Jun-2010
102136;ICICI Prudential Thematic Advantage Fund (FOF) - IDCW;INF109K01FR2;INF109K01860;31.8371;31.8371;31.8371;11-Jun-2010

Kotak Mahindra Mutual Fund
102574;Kotak Multi Asset Allocator Fund of Fund - Dynamic - Growth;INF174K01468;;34.694;34.347;34.694;11-Jun-2010
102573;Kotak Multi Asset Allocator Fund of Fund - Dynamic - Payout of Income Distribution cum capital withdrawal option;INF174K01484;INF174K01476;34.694;34.347;34.694;11-Jun-2010

Quantum Mutual Fund
112039;Quantum Equity Fund of Funds - Direct Plan Growth Option;INF082J01093;;12.8150;12.6200;12.8150;11-Jun-2010
112038;Quantum Equity Fund Of Funds - Direct Plan IDCW;INF082J01101;INF082J01119;12.8170;12.6200;12.8170;11-Jun-2010

Open Ended Schemes ( Equity Scheme - Flexi Cap Fund )


Aditya Birla Sun Life Mutual Fund
103166;Aditya Birla Sun Life Flexi Cap Fund - Growth - Regular Plan;INF209K01AJ8;;249.48;246.99;249.48;11-Jun-2010
103165;Aditya Birla Sun Life Flexi Cap Fund -Regular - IDCW;INF209K01AQ3;INF209K01DT1;70.15;69.45;70.15;11-Jun-2010

Bandhan Mutual Fund
108594;BANDHAN Flexi Cap Fund - Regular Plan - Growth;INF194K01391;;28.5222;28.5222;28.5222;11-Jun-2010
108595;BANDHAN Flexi Cap Fund - Regular Plan - IDCW;INF194K01409;INF194K01417;23.1133;23.1133;23.1133;11-Jun-2010

Canara Robeco Mutual Fund
101924;Canara Robeco Equity Diversified-Bonus Option;INF760K01043;;23.1900;23.1900;23.1900;11-Jun-2010
101922;CANARA ROBECO FLEXICAP FUND - REGULAR PLAN - GROWTH OPTION;INF760K01019;;50.9100;50.9100;50.9100;11-Jun-2010
101923;CANARA ROBECO FLEXICAP FUND - REGULAR PLAN - IDCW (Payout/Reinvestment);INF760K01027;INF760K01035;23.1500;23.1500;23.1500;11-Jun-2010

DSP Mutual Fund
105875;DSP Flexi Cap Fund - Regular Plan - Growth;INF740K01037;;14.882;14.733;14.882;11-Jun-2010
100080;DSP Flexi Cap Fund - Regular Plan - IDCW;INF740K01011;INF740K01029;47.038;46.568;47.038;11-Jun-2010

Franklin Templeton Mutual Fund
100520;Franklin India Flexi Cap Fund - Growth;INF090I01239;;197.1430;195.1716;197.1430;11-Jun-2010
100519;Franklin India Flexi Cap Fund - IDCW ;INF090I01213;INF090I01221;26.4683;26.2036;26.4683;11-Jun-2010

HDFC Mutual Fund
101762;HDFC Flexi Cap Fund - Growth Plan;INF179K01608;;244.416;241.972;244.416;11-Jun-2010
101763;HDFC Flexi Cap Fund - IDCW Plan;INF179K01582;INF179K01590;44.921;44.472;44.921;11-Jun-2010

HSBC Mutual Fund
102252;HSBC Flexi Cap Fund - Regular Growth;INF336L01AF5;;31.6757;31.3589;31.6757;11-Jun-2010
102251;HSBC Flexi Cap Fund - Regular IDCW;INF336L01AE8;INF336L01AD0;15.7884;15.6305;15.7884;11-Jun-2010

JM Financial Mutual Fund
109522;JM Flexicap Fund (Regular) - Growth option;INF192K01635;;14.2604;14.2604;14.2604;11-Jun-2010
109523;JM Flexicap Fund (Regular) - IDCW;INF192K01619;INF192K01627;13.2623;13.2623;13.2623;11-Jun-2010

Kotak Mahindra Mutual Fund
112090;Kotak Flexicap Fund - Growth;INF174K01336;;10.742;10.635;10.742;11-Jun-2010
112089;Kotak Flexicap Fund - Payout of Income Distribution cum capital withdrawal option;INF174K01351;INF174K01344;10.742;10.635;10.742;11-Jun-2010

LIC Mutual Fund
100313;LIC MF Flexi Cap Fund-Regular Plan-Growth;INF767K01071;;24.5650;24.3194;24.5650;11-Jun-2010
100312;LIC MF Flexi Cap Fund-Regular Plan-IDCW;INF767K01063;INF767K01055;9.6794;9.5826;9.6794;11-Jun-2010

quant Mutual Fund
109830;quant Flexi Cap Fund - Growth Option - Regular Plan;INF966L01457;;16.9574;16.9574;16.9574;11-Jun-2010
109831;quant Flexi Cap Fund - IDCW Option - Regular Plan;INF966L01432;INF966L01440;13.5988;13.5988;13.5988;11-Jun-2010

SBI Mutual Fund
103216;SBI Flexicap Fund - Regular Plan - Income Distribution cum Capital Withdrawal Option (IDCW);INF200K01230;INF200K01248;13.18;13.05;13.18;11-Jun-2010
103215;SBI Flexicap Fund - REGULAR PLAN -Growth Option;INF200K01222;;17.35;17.18;17.35;11-Jun-2010

Taurus Mutual Fund
100476;Taurus Flexi Cap Fund - Regular Plan - Growth ;INF044D01989;;51.20;50.69;51.20;11-Jun-2010
111640;Taurus Flexi Cap Fund - Regular Plan - Payout of Income Distribution cum Capital Withdrawal option;INF044D01955;INF044D01963;36.04;35.68;36.04;11-Jun-2010

UTI Mutual Fund
100669;UTI - Flexi Cap Fund-Growth Option;INF789F01513;;48.32;48.32;48.32;11-Jun-2010
100668;UTI Flexi Cap Fund - Regular Plan - IDCW;INF189A01053;INF789F01505;42.7;42.7;42.7;11-Jun-2010

Close Ended Schemes ( Income )


Aditya Birla Sun Life Mutual Fund
112379;Birla Sun Life Capital Protection Oriented Fund-Series 1-GROWTH;INF209K01BW9;;10.1385;10.1385;10.1385;11-Jun-2010
109637;Birla Sun Life Fixed Term Plan - Series AF INSTITUTIONAL DIVIDEND;;;11.2719;10.9337;11.2719;11-Jun-2010
109638;Birla Sun Life Fixed Term Plan - Series AF INSTITUTIONAL GROWTH;;;12.1827;11.8172;12.1827;11-Jun-2010
109635;Birla Sun Life Fixed Term Plan - Series AF RETAIL DIVIDEND;;;11.2719;10.9337;11.2719;11-Jun-2010
109636;Birla Sun Life Fixed Term Plan - Series AF RETAIL GROWTH;;;12.1827;11.8172;12.1827;11-Jun-2010
112670;Birla Sun Life Fixed Term Plan-Series CA-Dividend;;;10.1636;10.1636;10.1636;11-Jun-2010
112669;Birla Sun Life Fixed Term Plan-Series CA-Growth;;;10.1636;10.1636;10.1636;11-Jun-2010
112690;Birla Sun Life Fixed Term Plan-Series CB-Dividend;;;10.2182;10.2182;10.2182;11-Jun-2010
112671;Birla Sun Life Fixed Term Plan-Series CB-Growth;;;10.2182;10.2182;10.2182;11-Jun-2010
112742;Birla Sun Life Fixed Term Plan - Series CC-Dividend;;;10.1490;10.1490;10.1490;11-Jun-2010
112743;Birla Sun Life Fixed Term Plan - Series CC-Growth;;;10.1490;10.1490;10.1490;11-Jun-2010
112838;Birla Sun Life Fixed Term Plan - Series CD - Dividend;;;10.1341;10.1341;10.1341;11-Jun-2010
112837;Birla Sun Life Fixed Term Plan - Series CD - Growth;;;10.1341;10.1341;10.1341;11-Jun-2010
110035;Birla Sun Life Fixed Term Plan - Series BE INSTITUTIONAL GROWTH;;;12.1217;11.8793;12.1217;11-Jun-2010
110033;Birla Sun Life Fixed Term Plan - Series BE RETAIL DIVIDEND;;;12.1217;11.8793;12.1217;11-Jun-2010
110036;Birla Sun Life Fixed Term Plan - Series BE RETAIL GROWTH;;;12.1217;11.8793;12.1217;11-Jun-2010
110176;Birla Sun Life Fixed Term Plan - Series BF INSTITUTIONAL GROWTH;;;12.2730;12.0275;12.2730;11-Jun-2010
110173;Birla Sun Life Fixed Term Plan - Series BF RETAIL DIVIDEND;;;12.2730;12.0275;12.2730;11-Jun-2010
110174;Birla Sun Life Fixed Term Plan - Series BF RETAIL GROWTH;;;12.2730;12.0275;12.2730;11-Jun-2010
112138;Birla Sun Life Fixed Term Plan Series BV - Growth;INF209K01082;;10.6080;10.6080;10.6080;11-Jun-2010
106412;Aditya Birla Sun Life Interval Income Fund - Quarterly Series 1 - Growth - Regular Plan;INF209K01HN5;;12.1347;12.0134;12.1347;11-Jun-2010
106413;Aditya Birla Sun Life Interval Income Fund - Quarterly Series 1 - institutional - IDCW;INF209K01HR6;INF209K01HS4;10.0378;9.9374;10.0378;11-Jun-2010
106411;Aditya Birla Sun Life Interval Income Fund - Quarterly Series 1 - Regular - IDCW;INF209K01HO3;INF209K01HP0;10.0378;9.9374;10.0378;11-Jun-2010
107308;Aditya Birla Sun Life Quarterly Interval Fund - Series 4 DIVIDEND;INF209K01HL9;INF209K01HM7;10.1099;10.0088;10.1099;11-Jun-2010
107307;Aditya Birla Sun Life Quarterly Interval Fund - Series 4 GROWTH;INF209K01HK1;;11.8646;11.7460;11.8646;11-Jun-2010

Axis Mutual Fund
112681;Axis Fixed Term Plan - Series 1 (384 days) - Institutional Option - Dividend;;;0.0000;0.0000;0.0000;11-Jun-2010
112684;Axis Fixed Term Plan - Series 1 (384 days) - Institutional Option - Growth;;;0.0000;0.0000;0.0000;11-Jun-2010
112682;Axis Fixed Term Plan - Series 1 (384 days) - Institutional Option- Quarterly Dividend;;;0.0000;0.0000;0.0000;11-Jun-2010
112680;Axis Fixed Term Plan - Series 1 (384 days) - Retail Option - Dividend;;;10.1810;10.1810;10.1810;11-Jun-2010
112683;Axis Fixed Term Plan - Series 1 (384 days) - Retail Option - Quarterly Dividend;;;10.1810;10.1810;10.1810;11-Jun-2010
112679;Axis Fixed Term Plan - Series 1 (384 days) - Retail Option- Growth;;;10.1810;10.1810;10.1810;11-Jun-2010
112979;Axis Fixed Term Plan - Series 3(3 Months) - Dividend;;;10.0048;10.0048;10.0048;11-Jun-2010
112978;Axis Fixed Term Plan - Series 3(3 Months) - Growth;;;10.0048;10.0048;10.0048;11-Jun-2010

Bandhan Mutual Fund
112666;IDFC Capital Protection Oriented Fund - Series I Dividend;INF194K01797;;10.0618;10.0618;10.0618;11-Jun-2010
112665;IDFC Capital Protection Oriented Fund - Series I Growth;INF194K01789;;10.0618;10.0618;10.0618;11-Jun-2010
112319;DFC FMP  SMS - 1 Plan A Dividend;;;10.2645;10.2645;10.2645;11-Jun-2010
112315;IDFC FMP  SMS - 1 Plan A Growth;;;10.2645;10.2645;10.2645;11-Jun-2010
112317;IDFC FMP  SMS - 1 Plan B Growth;;;10.2804;10.2804;10.2804;11-Jun-2010
112174;IDFC Fixed Maturity Plan - FMS - 3 Plan A Dividend;;;10.2789;10.2789;10.2789;11-Jun-2010
112176;IDFC Fixed Maturity Plan - FMS - 3 Plan A Growth;;;10.2789;10.2789;10.2789;11-Jun-2010
112702;IDFC Fixed Maturity Plan - Fourteen months Series 1-Dividend;;;10.1987;10.1987;10.1987;11-Jun-2010
112703;IDFC Fixed Maturity Plan - Fourteen months Series 1-Growth;;;10.1987;10.1987;10.1987;11-Jun-2010
112401;IDFC FMP - HYS - 9 (Plan A) - Dividend Option;;;10.1274;10.1274;10.1274;11-Jun-2010
112400;IDFC FMP - HYS - 9 (Plan A) - Growth Option;;;10.1880;10.1880;10.1880;11-Jun-2010
112747;IDFC Fixed Maturity Plan QS 55-Dividend;;;10.1331;10.1331;10.1331;11-Jun-2010
112748;IDFC Fixed Maturity Plan QS 55-Growth;;;10.1331;10.1331;10.1331;11-Jun-2010
112796;IDFC Fixed Maturity Plan - Thirteen months Series 5-Dividend;;;10.1364;10.1364;10.1364;11-Jun-2010
112797;IDFC Fixed Maturity Plan - Thirteen months Series 5-Growth;;;10.1364;10.1364;10.1364;11-Jun-2010
112689;IDFC Hybrid Portfolio Fund - Series I-Dividend;INF194K01813;;10.0061;10.0061;10.0061;11-Jun-2010
112688;IDFC Hybrid Portfolio Fund - Series I-Growth;INF194K01805;;10.0055;10.0055;10.0055;11-Jun-2010

Bank of India Mutual Fund
112813;Bharti AXA Fixed Maturity  Plan - Series C - Plan 1-Growth;INF761K01249;;10.1478;10.1478;10.1478;11-Jun-2010

Canara Robeco Mutual Fund
112804;Canara Robeco Fixed Maturity Plan - Series 5 - 13 Months (Plan A) - Dividend Option;INF760K01AG6;;10.1704;10.1704;10.1704;11-Jun-2010
112805;Canara Robeco Fixed Maturity Plan - Series 5 - 13 Months (Plan A) - Growth Option;INF760K01AF8;;10.1703;10.1703;10.1703;11-Jun-2010
112875;Canara Robeco Fixed Maturity Plan - Series 5 - 13 Months (Plan B) - Dividend Option;INF760K01AI2;;10.1193;10.1193;10.1193;11-Jun-2010
112876;Canara Robeco Fixed Maturity Plan - Series 5 - 13 Months (Plan B) - Growth Option;INF760K01AH4;;10.1193;10.1193;10.1193;11-Jun-2010

Deutsche Mutual Fund
112299;DWS Fixed Term Fund - Sr 66 Regular Pan Dividend Opt;INF223J01176;;10.3714;10.3714;10.3714;11-Jun-2010
112298;DWS Fixed Term Fund - Sr 66 Regular Pan Growth Opt;INF223J01184;;10.3714;10.3714;10.3714;11-Jun-2010
112834;DWS Fixed Term Fund - Series 67 - Dividend Option;;;10.1490;10.1490;10.1490;11-Jun-2010
112795;DWS Fixed Term Fund - Series 67 - Growth Option;;;10.1490;10.1490;10.1490;11-Jun-2010
112730;DWS Fixed Term Fund Sr 69 Dividend Option;;;10.2051;10.2051;10.2051;11-Jun-2010
112731;DWS Fixed Term Fund Sr 69 Growth Option;;;10.2051;10.2051;10.2051;11-Jun-2010
113019;DWS FIXED TERM FUND SERIES 71-DIV;;;10.0046;10.0046;10.0046;11-Jun-2010
113017;DWS Fixed Term Fund Series 71-GR;;;10.0046;10.0046;10.0046;11-Jun-2010
112358;DWS Fixed Term Fund - Series 68 Dividend Option;;;10.2776;10.2776;10.2776;11-Jun-2010
112376;DWS Fixed Term Fund - Series 68 Growth Option;;;10.2776;10.2776;10.2776;11-Jun-2010

DSP Mutual Fund
112696;DSP BlackRock FMP - 13M - Series 2 - Dividend Payout;;;10.1992;10.1992;10.1992;11-Jun-2010
112695;DSP BlackRock FMP - 13M - Series 2- Growth;;;10.1992;10.1992;10.1992;11-Jun-2010
112864;DSP BlackRock FMP - 13M - Series 3 - Dividend Payout;;;10.1733;10.1733;10.1733;11-Jun-2010
112772;DSP BlackRock FMP - 13M - Series 3 - Growth;;;10.1733;10.1733;10.1733;11-Jun-2010

Edelweiss Mutual Fund
110292;Edelweiss Quarterly Interval Fund - Series 1 - Institutional Plan - Dividend Option;;;10.0028;9.5027;10.0028;11-Jun-2010
110291;Edelweiss Quarterly Interval Fund - Series 1 - Institutional Plan - Growth Option;;;11.2514;10.6888;11.2514;11-Jun-2010
110290;Edelweiss Quarterly Interval Fund - Series 1 - Retail Plan - Dividend Option;;;10.0133;9.5126;10.0133;11-Jun-2010
110289;Edelweiss Quarterly Interval Fund - Series 1 - Retail Plan - Growth Option;;;11.2405;10.6785;11.2405;11-Jun-2010

Fidelity Mutual Fund
112953;Fidelity Fixed Maturity Plan - Series II - Plan A - Dividend Option;;;10.0155;10.0155;10.0155;11-Jun-2010
112945;Fidelity Fixed Maturity Plan - Series II - Plan A - Growth Option;;;10.0155;10.0155;10.0155;11-Jun-2010
112955;Fidelity Fixed Maturity Plan - Series II - Plan B - Dividend Option;;;10.0134;10.0134;10.0134;11-Jun-2010
112954;Fidelity Fixed Maturity Plan - Series II - Plan B - Growth Option;;;10.0134;10.0134;10.0134;11-Jun-2010

Fortis Mutual Fund
112201;FORTIS FIXED TERM FUND - SERIES 16 A - Calendar Quarterly Dividend Option;;;10.1777;10.1777;10.1777;11-Jun-2010
112202;FORTIS FIXED TERM FUND - SERIES 16 A - Calendar Yearly Dividend Option;;;10.1782;10.1782;10.1782;11-Jun-2010
112203;FORTIS FIXED TERM FUND - SERIES 16 A - Dividend on Maturity Option;;;10.4706;10.4706;10.4706;11-Jun-2010
112200;FORTIS FIXED TERM FUND - SERIES 16 A - Growth Option;;;10.4706;10.4706;10.4706;11-Jun-2010
112252;Fortis Fixed Term Fund - Series 16 B - Calendar Quarterly Dividend Option;;;10.1848;10.1848;10.1848;11-Jun-2010
112253;Fortis Fixed Term Fund - Series 16 B - Calendar Yearly Dividend Option;;;10.1851;10.1851;10.1851;11-Jun-2010
112254;Fortis Fixed Term Fund - Series 16 B - Dividend on Maturity Option;;;10.4240;10.4240;10.4240;11-Jun-2010
112255;Fortis Fixed Term Fund - Series 16 B - Growth Option;;;10.4240;10.4240;10.4240;11-Jun-2010
112370;Fortis Fixed Term Fund - Series 16 C - Calendar Quarterly Dividend Option;;;0.0000;0.0000;0.0000;11-Jun-2010
112371;Fortis Fixed Term Fund - Series 16 C - Calendar Yearly Dividend Option;;;0.0000;0.0000;0.0000;11-Jun-2010
112372;Fortis Fixed Term Fund - Series 16 C - Dividend On Maturity Option;;;0.0000;0.0000;0.0000;11-Jun-2010
112373;Fortis Fixed Term Fund - Series 16 C - Growth Option;;;10.2164;10.2164;10.2164;11-Jun-2010
112662;Fortis Fixed Term Fund-Sr 16D - Dividend On Maturity Option;;;10.1663;10.1663;10.1663;11-Jun-2010
112664;Fortis Fixed Term Fund-Sr 16D-Calendar Quarterly Dividend Option;;;10.1663;10.1663;10.1663;11-Jun-2010
112663;Fortis Fixed Term Fund-Sr 16D-Calendar Yearly Dividend Option;;;10.1663;10.1663;10.1663;11-Jun-2010
112661;Fortis Fixed Term Fund-Sr 16D-Growth Option;;;10.1663;10.1663;10.1663;11-Jun-2010
112781;Fortis Fixed Term Fund-Sr 17A - Dividend On Maturity Option;;;10.1254;10.1254;10.1254;11-Jun-2010
112783;Fortis Fixed Term Fund-Sr 17A-Calendar Quarterly Dividend Option;;;10.1254;10.1254;10.1254;11-Jun-2010
112780;Fortis Fixed Term Fund-Sr 17A-Calendar Yearly Dividend Option;;;10.1254;10.1254;10.1254;11-Jun-2010
112782;Fortis Fixed Term Fund-Sr 17A-Growth Option;;;10.1254;10.1254;10.1254;11-Jun-2010
111291;Fortis FIXED TERM PLAN - SERIES 13 -  PLAN D - Instl Plan - Calendar Half Yearly  Dividend Option;;;0.0000;0.0000;0.0000;11-Jun-2010
111292;Fortis FIXED TERM PLAN - SERIES 13 -  PLAN D - Instl Plan - Calendar Quarterly Dividend Option;;;0.0000;0.0000;0.0000;11-Jun-2010
111282;Fortis FIXED TERM PLAN - SERIES 13 -  PLAN D - Instl Plan - Calendar Yearly Dividend Option;;;0.0000;0.0000;0.0000;11-Jun-2010
111290;Fortis FIXED TERM PLAN - SERIES 13 -  PLAN D - Instl Plan - Growth Option;;;12.1161;11.8738;12.1161;11-Jun-2010
111289;Fortis FIXED TERM PLAN - SERIES 13 -  PLAN D - Regular Plan - Calendar Half Yearly  Dividend Option;;;10.1542;9.9511;10.1542;11-Jun-2010
111288;Fortis FIXED TERM PLAN - SERIES 13 -  PLAN D - Regular Plan - Calendar Quarterly Dividend Option;;;10.1533;9.9502;10.1533;11-Jun-2010
111284;Fortis FIXED TERM PLAN - SERIES 13 -  PLAN D - Regular Plan - Calendar Yearly Dividend Option;;;10.1570;9.9539;10.1570;11-Jun-2010
111293;Fortis FIXED TERM PLAN - SERIES 13 -  PLAN D - Regular Plan - Growth Option;;;12.0800;11.8384;12.0800;11-Jun-2010
111286;Fortis FIXED TERM PLAN - SERIES 13 - PLAN D - Instl Plan - Calendar Monthly Dividend Option;;;10.0304;9.8298;10.0304;11-Jun-2010
111285;Fortis FIXED TERM PLAN - SERIES 13 - PLAN D - Instl Plan - Dividend on Maturity Option;;;12.1160;11.8737;12.1160;11-Jun-2010
111287;Fortis FIXED TERM PLAN - SERIES 13 - PLAN D - Regular Plan - Calendar Monthly Dividend Option;;;10.0297;9.8291;10.0297;11-Jun-2010
111283;Fortis FIXED TERM PLAN - SERIES 13 - PLAN D - Regular Plan - Dividend on Maturity Option;;;12.0803;11.8387;12.0803;11-Jun-2010
112134;FORTIS  FIXED TERM PLAN - SERIES 15A - Institutional Plan - Growth Option;;;0.0000;0.0000;0.0000;11-Jun-2010
112132;FORTIS  FIXED TERM PLAN - SERIES 15A - Regular Plan - Calendar Yearly Dividend Option;;;0.0000;0.0000;0.0000;11-Jun-2010
112135;FORTIS FIXED TERM PLAN - SERIES 15A - Institutional Plan - Calendar Quarterly Dividend Option;;;0.0000;0.0000;0.0000;11-Jun-2010
112136;FORTIS FIXED TERM PLAN - SERIES 15A - Institutional Plan - Calendar Yearly Dividend Option;;;0.0000;0.0000;0.0000;11-Jun-2010
112137;FORTIS FIXED TERM PLAN - SERIES 15A - Institutional Plan - Dividend on Maturity Option;;;0.0000;0.0000;0.0000;11-Jun-2010
112131;FORTIS FIXED TERM PLAN - SERIES 15A - Regular Plan - Calendar Quarterly Dividend Option;;;0.0000;0.0000;0.0000;11-Jun-2010
112133;FORTIS FIXED TERM PLAN - SERIES 15A - Regular Plan - Dividend on Maturity Option;;;10.6150;10.6150;10.6150;11-Jun-2010
112130;FORTIS FIXED TERM PLAN - SERIES 15A - Regular Plan - Growth Option;;;10.6150;10.6150;10.6150;11-Jun-2010
111086;Fortis FIXED TERM PLAN - SERIES 9: THREE YEARLY PLAN A - Institutional Plan - Dividend on Maturity Option;;;0.0000;0.0000;0.0000;11-Jun-2010
111085;Fortis FIXED TERM PLAN - SERIES 9: THREE YEARLY PLAN A - Institutional Plan - Growth Option;;;0.0000;0.0000;0.0000;11-Jun-2010
111082;Fortis FIXED TERM PLAN - SERIES 9: THREE YEARLY PLAN A - Institutional Plan - Half Yearly Dividend Option;;;0.0000;0.0000;0.0000;11-Jun-2010
111089;Fortis FIXED TERM PLAN - SERIES 9: THREE YEARLY PLAN A - Institutional Plan - Monthly Dividend Option;;;0.0000;0.0000;0.0000;11-Jun-2010
111078;Fortis FIXED TERM PLAN - SERIES 9: THREE YEARLY PLAN A - Institutional Plan - Quarterly Dividend Option;;;0.0000;0.0000;0.0000;11-Jun-2010
111087;Fortis FIXED TERM PLAN - SERIES 9: THREE YEARLY PLAN A - Institutional Plan - Yearly Dividend Option;;;0.0000;0.0000;0.0000;11-Jun-2010
111083;Fortis FIXED TERM PLAN - SERIES 9: THREE YEARLY PLAN A - Regular Plan - Dividend on Maturity Option;;;12.4007;12.1527;12.4007;11-Jun-2010
111081;Fortis FIXED TERM PLAN - SERIES 9: THREE YEARLY PLAN A - Regular Plan - Growth Option;;;12.3987;12.1507;12.3987;11-Jun-2010
111084;Fortis FIXED TERM PLAN - SERIES 9: THREE YEARLY PLAN A - Regular Plan - Half Yearly Dividend Option;;;10.3797;10.1721;10.3797;11-Jun-2010
111080;Fortis FIXED TERM PLAN - SERIES 9: THREE YEARLY PLAN A - Regular Plan - Monthly Dividend Option;;;10.1686;9.9652;10.1686;11-Jun-2010
111079;Fortis FIXED TERM PLAN - SERIES 9: THREE YEARLY PLAN A - Regular Plan - Quarterly Dividend Option;;;10.3770;10.1695;10.3770;11-Jun-2010
111088;Fortis FIXED TERM PLAN - SERIES 9: THREE YEARLY PLAN A - Regular Plan - Yearly Dividend Option;;;10.3844;10.1767;10.3844;11-Jun-2010

Franklin Templeton Mutual Fund
112660;Franklin India Fixed Tenure Fund - Series XII - Plan C (5 Year Plan) - Dividend;INF090I01411;;10.0969;10.0969;10.0969;11-Jun-2010
112659;Franklin India Fixed Tenure Fund - Series XII - Plan C (5 Year Plan) - Growth;INF090I01403;;10.0969;10.0969;10.0969;11-Jun-2010
105524;Franklin Templeton Capital Protection Oriented Fund - 3 Years Plan - Dividend;;;12.2043;12.2043;12.2043;11-Jun-2010
105523;Franklin Templeton Capital Protection Oriented Fund - 3 Years Plan - Growth;;;12.4832;12.4832;12.4832;11-Jun-2010
105526;Franklin Templeton Capital Protection Oriented Fund - 5 Years Plan - Dividend;INF090I01080;;12.5516;12.5516;12.5516;11-Jun-2010
105525;Franklin Templeton Capital Protection Oriented Fund - 5 Years Plan - Growth;INF090I01072;;13.0097;13.0097;13.0097;11-Jun-2010
104390;Franklin Templeton Capital Safety Fund - 5 Years Plan - Annual Dividend;;;12.4086;12.4086;12.4086;11-Jun-2010
104389;Franklin Templeton Capital Safety Fund - 5 Years Plan - Growth;;;12.9786;12.9786;12.9786;11-Jun-2010
108224;Franklin Templeton Fixed Tenure Fund - Series IX - Plan A - Dividend;;;11.1764;10.8970;11.1764;11-Jun-2010
108223;Franklin Templeton Fixed Tenure Fund - Series IX - Plan A - Growth;;;11.4905;11.2032;11.4905;11-Jun-2010
108226;Franklin Templeton Fixed Tenure Fund - Series IX - Plan B - Dividend;INF090I01AQ1;;11.6607;11.3109;11.6607;11-Jun-2010
108225;Franklin Templeton Fixed Tenure Fund - Series IX - Plan B - Growth;INF090I01AR9;;11.8763;11.5200;11.8763;11-Jun-2010
105323;Franklin Templeton Fixed Tenure Fund - Series VIII - 60 Months Plan (Plan A) - Dividend Plan;INF090I01AM0;;11.1622;10.7157;11.1622;11-Jun-2010
105322;Franklin Templeton Fixed Tenure Fund - Series VIII - 60 Months Plan (Plan A) - Growth Plan;INF090I01AN8;;13.0889;12.5653;13.0889;11-Jun-2010
109116;Franklin Templeton Fixed Tenure Fund - Series X - Plan A - Dividend;;;11.4277;11.1420;11.4277;11-Jun-2010
109115;Franklin Templeton Fixed Tenure Fund - Series X - Plan A - Growth;;;11.9528;11.6540;11.9528;11-Jun-2010
109676;Franklin Templeton Fixed Tenure Fund - Series X - Plan B - Dividend;;;11.4568;11.1704;11.4568;11-Jun-2010
109675;Franklin Templeton Fixed Tenure Fund - Series X - Plan B - Growth;;;11.9765;11.6771;11.9765;11-Jun-2010
109117;Franklin Templeton Fixed Tenure Fund - Series X - Plan C - Dividend;INF090I01AU3;;12.0771;11.7148;12.0771;11-Jun-2010
109118;Franklin Templeton Fixed Tenure Fund - Series X - Plan C - Growth;INF090I01AV1;;12.4013;12.0293;12.4013;11-Jun-2010
109678;Franklin Templeton Fixed Tenure Fund - Series X - Plan D - Dividend;INF090I01AY5;;12.2281;11.8613;12.2281;11-Jun-2010
109677;Franklin Templeton Fixed Tenure Fund - Series X - Plan D - Growth;INF090I01AZ2;;12.5477;12.1713;12.5477;11-Jun-2010
112146;Franklin Templeton Fixed Tenure Fund - Series XII - Plan A (3 Year Plan) - Dividend;INF090I01106;;10.4611;10.4611;10.4611;11-Jun-2010
112145;Franklin Templeton Fixed Tenure Fund - Series XII - Plan A (3 Year Plan) - Growth;INF090I01098;;10.4611;10.4611;10.4611;11-Jun-2010
112219;Franklin Templeton Fixed Tenure Fund - Series XII - Plan B (3 Year Plan) - Dividend;INF090I01122;;10.3360;10.3360;10.3360;11-Jun-2010
112220;Franklin Templeton Fixed Tenure Fund - Series XII - Plan B (3 Year Plan) - Growth;INF090I01114;;10.3360;10.3360;10.3360;11-Jun-2010
112312;Franklin Templeton Fixed Tenure Fund - Series XIII - Plan A - Dividend;INF090I01148;;10.1780;10.1780;10.1780;11-Jun-2010
112311;Franklin Templeton Fixed Tenure Fund - Series XIII - Plan A - Growth;INF090I01130;;10.1780;10.1780;10.1780;11-Jun-2010
104079;Franklin Templeton Fixed Tenure Fund - Series VI (60 Months Plan) - Annual Dividend Plan;INF090I01AJ6;;12.1194;11.6346;12.1194;11-Jun-2010
104078;Franklin Templeton Fixed Tenure Fund - Series VI (60 Months Plan) - Growth Plan;;;14.1086;13.5443;14.1086;11-Jun-2010
103203;Franklin Templeton Fixed Tenure Fund-SeriesII (60MonthsPlan)- Annual Dividend Plan;;;13.9145;13.3579;13.9145;11-Jun-2010
103202;Franklin Templeton Fixed Tenure Fund-SeriesII (60MonthsPlan)- Growth Plan;;;16.7864;16.1149;16.7864;11-Jun-2010
103549;Franklin Templeton Fixed Tenure Fund-SeriesIV(60MonthsPlan)-Annual Dividend Plan;;;11.4403;10.9827;11.4403;11-Jun-2010
103548;Franklin Templeton Fixed Tenure Fund-SeriesIV(60MonthsPlan)-Growth Plan;;;14.4437;13.8660;14.4437;11-Jun-2010
106111;Templeton Fixed Horizon Fund - Series IV - Plan A - Institutional - Dividend;;;12.2692;11.9011;12.2692;11-Jun-2010
106112;Templeton Fixed Horizon Fund - Series IV - Plan A - Institutional - Growth;;;12.5663;12.1893;12.5663;11-Jun-2010
106110;Templeton Fixed Horizon Fund - Series IV - Plan A - Retail - Dividend;;;12.2292;11.8623;12.2292;11-Jun-2010
106109;Templeton Fixed Horizon Fund - Series IV - Plan A - Retail - Growth;;;12.5261;12.1503;12.5261;11-Jun-2010

HDFC Mutual Fund
112830;HDFC FMP 100D MARCH 2010 (1) - Dividend Option;;;10.1111;0;0;11-Jun-2010
112829;HDFC FMP 100D MARCH 2010 (1) - Growth Option;;;10.1111;0;0;11-Jun-2010
112706;HDFC FMP 13M March 2010 - Dividend Option;;;10.2032;0;0;11-Jun-2010
112708;HDFC FMP 13M March 2010 - Dividend Quarterly Option;;;10.2032;0;0;11-Jun-2010
112707;HDFC FMP 13M March 2010 - Growth Option;;;10.2032;0;0;11-Jun-2010
112831;HDFC FMP 13M March 2010 (2) - Dividend Option;;;10.1578;0;0;11-Jun-2010
112832;HDFC FMP 13M March 2010 (2) - Dividend Quarterly Option;;;10.1578;0;0;11-Jun-2010
112833;HDFC FMP 13M March 2010 (2) - Growth Option;;;10.1578;0;0;11-Jun-2010
112862;HDFC FMP 13M March 2010 (3) - Dividend Option;;;10.1507;0;0;11-Jun-2010
112863;HDFC FMP 13M March 2010 (3) - Dividend Quarterly Option;;;10.1507;0;0;11-Jun-2010
112861;HDFC FMP 13M March 2010 (3) - Growth Option;;;10.1507;0;0;11-Jun-2010
112245;HDFC FMP 13M October 2009 - DIVIDEND OPTION;;;10.4217;0;0;11-Jun-2010
112243;HDFC FMP 13M October 2009 - GROWTH OPTION;;;10.4217;0;0;11-Jun-2010
112244;HDFC FMP 13M October 2009 - QUARTERLY DIVIDEND OPTION;;;10.1429;0;0;11-Jun-2010
112751;HDFC FMP 14M March 2010 - Dividend Option;;;10.1672;0;0;11-Jun-2010
112752;HDFC FMP 14M March 2010 - Dividend Quarterly Option;;;10.1672;0;0;11-Jun-2010
112753;HDFC FMP 14M March 2010 - Growth Option;;;10.1672;0;0;11-Jun-2010
112338;HDFC FMP 15M December 2009 - DIVIDEND OPTION;;;10.2447;0;0;11-Jun-2010
112326;HDFC FMP 15M December 2009 - GROWTH OPTION;;;10.2447;0;0;11-Jun-2010
112339;HDFC FMP 15M December 2009 - QUARTERLY DIVIDEND OPTION;;;10.1169;0;0;11-Jun-2010
112206;HDFC FMP 18M October 2009 - DIVIDEND OPTION;;;10.531;0;0;11-Jun-2010
112204;HDFC FMP 18M October 2009 - GROWTH OPTION;;;10.531;0;0;11-Jun-2010
112205;HDFC FMP 18M October 2009 - QUARTERLY DIVIDEND OPTION;;;10.1905;0;0;11-Jun-2010
112287;HDFC FMP 19M November 2009 - DIVIDEND OPTION;;;10.3385;0;0;11-Jun-2010
112285;HDFC FMP 19M November 2009 - GROWTH OPTION;;;10.3385;0;0;11-Jun-2010
112286;HDFC FMP 19M November 2009 - QUARTERLY DIVIDEND OPTION;;;10.1974;0;0;11-Jun-2010
112170;HDFC FMP 20M September 2009 - DIVIDEND OPTION;;;10.548;0;0;11-Jun-2010
112169;HDFC FMP 20M September 2009 - GROWTH OPTION;;;10.548;0;0;11-Jun-2010
112168;HDFC FMP 20M September 2009 - QUARTERLY DIVIDEND OPTION;;;10.2672;0;0;11-Jun-2010
110062;HDFC FMP 22M September 2008  - RETAIL PLAN - GROWTH OPTION;;;11.9898;11.75;0;11-Jun-2010
110059;HDFC FMP 22M September 2008  - RETAIL PLAN - NORMAL DIVIDEND OPTION;;;11.9898;11.75;0;11-Jun-2010
110060;HDFC FMP 22M September 2008  - RETAIL PLAN - QUARTERLY DIVIDEND OPTION;;;10.5102;10.3;0;11-Jun-2010
110061;HDFC FMP 22M September 2008  - WHOLESALE PLAN - GROWTH OPTION;;;12.1739;11.9304;0;11-Jun-2010
110057;HDFC FMP 22M September 2008  - WHOLESALE PLAN - NORMAL DIVIDEND OPTION;;;12.1739;11.9304;0;11-Jun-2010
112672;HDFC FMP 24M February 2010 - DIVIDEND OPTION;INF179K01BK9;;10.1636;0;0;11-Jun-2010
112673;HDFC FMP 24M FEBRUARY 2010 - GROWTH OPTION;INF179K01BI3;;10.1636;0;0;11-Jun-2010
112674;HDFC FMP 24M February 2010 - QUARTERLY DIVIDEND OPTION;INF179K01BJ1;;10.1636;0;0;11-Jun-2010
112895;HDFC FMP 367D April 2010 (1)- Dividend Option;;;10.0959;0;0;11-Jun-2010
112897;HDFC FMP 367D April 2010 (1)- Growth Option;;;10.0959;0;0;11-Jun-2010
112896;HDFC FMP 367D April 2010 (1)- Quarterly Dividend Option;;;10.0959;0;0;11-Jun-2010
112906;HDFC FMP 367D APRIL 2010 (2) - Dividend Option;;;10.0529;0;0;11-Jun-2010
112905;HDFC FMP 367D APRIL 2010 (2) - Growth Option;;;10.0529;0;0;11-Jun-2010
112907;HDFC FMP 367D APRIL 2010 (2) - Quarterly Dividend Option;;;10.0529;0;0;11-Jun-2010
112768;HDFC FMP 367D March 2010 - Growth Option;;;10.1382;0;0;11-Jun-2010
112767;HDFC FMP 367D March 2010 -Dividend Quarterly Option;;;10.1382;0;0;11-Jun-2010
112769;HDFC FMP 367D March 2010-Dividend Option;;;10.1382;0;0;11-Jun-2010
112898;HDFC FMP 36M April 2010- Dividend Option;INF179K01CE0;;9.9837;0;0;11-Jun-2010
112899;HDFC FMP 36M April 2010- Growth Option;INF179K01CC4;;9.9837;0;0;11-Jun-2010
112900;HDFC FMP 36M April 2010- Quarterly Dividend Option;INF179K01CD2;;9.9837;0;0;11-Jun-2010
106029;HDFC FMP 36M JUNE 2007 - RETAIL PLAN GROWTH OPTION;;;13.1066;12.91;0;11-Jun-2010
106033;HDFC FMP 36M JUNE 2007 - RETAIL PLAN NORMAL DIVIDEND OPTION;;;13.1066;12.91;0;11-Jun-2010
106030;HDFC FMP 36M JUNE 2007 - RETAIL PLAN QUATERLY DIVIDEND OPTION;;;10.8088;10.6467;0;11-Jun-2010
106034;HDFC FMP 36M JUNE 2007 - WHOLESALE PLAN GROWTH OPTION;;;13.261;13.0621;0;11-Jun-2010
106032;HDFC FMP 36M JUNE 2007 - WHOLESALE PLAN QUATERLY DIVIDEND OPTION;;;10.9383;10.7742;0;11-Jun-2010
105428;HDFC QUARTERLY INTERVAL FUND - PLAN A - RETAIL PLAN - Growth Option;INF179K01GT9;;12.862;12.8491;0;11-Jun-2010
105429;HDFC QUARTERLY INTERVAL FUND - PLAN A - RETAIL PLAN -Dividend Option;INF179K01GU7;INF179K01GV5;10.1189;10.1088;0;11-Jun-2010
105427;HDFC QUARTERLY INTERVAL FUND - PLAN A - WHOLESALE PLAN - Dividend Option;INF179K01GX1;;10.1189;10.1088;0;11-Jun-2010
105430;HDFC QUARTERLY INTERVAL FUND - PLAN A - WHOLESALE PLAN - Growth Option;INF179K01GW3;;10.1189;10.1088;0;11-Jun-2010
105420;HDFC QUARTERLY INTERVAL FUND - PLAN B - RETAIL PLAN - Growth Option;INF179K01GZ6;;12.6811;12.6684;0;11-Jun-2010
105421;HDFC QUARTERLY INTERVAL FUND - PLAN B - RETAIL PLAN -Dividend Option;INF179K01HA7;INF179K01HB5;10.0812;10.0711;0;11-Jun-2010
105419;HDFC QUARTERLY INTERVAL FUND - PLAN B - WHOLESALE PLAN - Dividend Option;INF179K01HD1;;10.0635;10.0534;0;11-Jun-2010
105762;HDFC QUARTERLY INTERVAL FUND - PLAN C - RETAIL PLAN - Dividend Option;INF179K01HG4;INF179K01HH2;10.1964;10.1862;0;11-Jun-2010
105761;HDFC QUARTERLY INTERVAL FUND - PLAN C - RETAIL PLAN -Growth Option;INF179K01HF6;;12.6427;12.6301;0;11-Jun-2010
105759;HDFC QUARTERLY INTERVAL FUND - PLAN C - WHOLESALE PLAN - Growth Option;INF179K01HI0;;10;9.99;0;11-Jun-2010
105760;HDFC QUARTERLY INTERVAL FUND - PLAN C -WHOLESALE PLAN - Dividend Option;INF179K01HJ8;;10.0587;10.0486;0;11-Jun-2010

ICICI Prudential Mutual Fund
112774;ICICI Prudential Fixed Maturity Plan - Series 50 - 24 Months Plan A Cumulative;INF109K01DJ4;;10.0827;N.A.;N.A.;11-Jun-2010
112773;ICICI Prudential Fixed Maturity Plan - Series 50 - 24 Months Plan A Dividend;INF109K01DI6;;10.0827;N.A.;N.A.;11-Jun-2010
112775;ICICI Prudential Fixed Maturity Plan - Series 50 - 24 Months Plan B Cumulative;INF109K01DL0;;10.0886;N.A.;N.A.;11-Jun-2010
112776;ICICI Prudential Fixed Maturity Plan - Series 50 - 24 Months Plan B Dividend;INF109K01DK2;;10.0886;N.A.;N.A.;11-Jun-2010
112770;ICICI Prudential Fixed Maturity Plan - Series 51 - 13 Months Plan C Cumulative;;;10.1516;N.A.;N.A.;11-Jun-2010
112771;ICICI Prudential Fixed Maturity Plan - Series 51 - 13 Months Plan C Dividend;;;10.1516;N.A.;N.A.;11-Jun-2010
112389;ICICI Prudential Fixed Maturity Plan - Series 51 - 15 Months Plan E Cumulative;;;10.2551;N.A.;N.A.;11-Jun-2010
112388;ICICI Prudential Fixed Maturity Plan - Series 51 - 15 Months Plan E Dividend;;;10.2551;N.A.;N.A.;11-Jun-2010
112823;ICICI Prudential Fixed Maturity Plan - Series 51 - One Year Plan B Cumulative;;;10.1379;N.A.;N.A.;11-Jun-2010
112824;ICICI Prudential Fixed Maturity Plan - Series 51 - One Year Plan B Dividend;;;10.1379;N.A.;N.A.;11-Jun-2010
112843;ICICI Prudential Fixed Maturity Plan - Series 52 - 1 Year Plan A Cumulative;;;10.1250;N.A.;N.A.;11-Jun-2010
112844;ICICI Prudential Fixed Maturity Plan - Series 52 - 1 Year Plan A Dividend;;;10.1250;N.A.;N.A.;11-Jun-2010
112847;ICICI Prudential Fixed Maturity Plan - Series 52 - 13 Months Plan A Cumulative;;;10.1283;N.A.;N.A.;11-Jun-2010
112848;ICICI Prudential Fixed Maturity Plan - Series 52 - 13 Months Plan A Dividend;;;10.1283;N.A.;N.A.;11-Jun-2010
112959;ICICI Prudential Fixed Maturity Plan - Series 52 - 1 Year Plan B Cumulative;;;10.0028;N.A.;N.A.;11-Jun-2010
112960;ICICI Prudential Fixed Maturity Plan - Series 52 - 1 Year Plan B Dividend;;;10.0028;N.A.;N.A.;11-Jun-2010
112073;ICICI Prudential FMP Series 49 - 1 Year Plan A Institutional Dividend;;;10.5846;N.A.;N.A.;11-Jun-2010
112072;ICICI Prudential FMP Series 49 - 1 Year Plan A Institutional Growth;;;10.5846;N.A.;N.A.;11-Jun-2010
112071;ICICI Prudential FMP Series 49 - 1 Year Plan A Retail Dividend;;;10.5500;N.A.;N.A.;11-Jun-2010
112070;ICICI Prudential FMP Series 49 - 1 Year Plan A Retail Growth;;;10.5500;N.A.;N.A.;11-Jun-2010
112197;ICICI Prudential Fixed Maturity Plan Series 49 - 1 Year Plan B Institutional Dividend;;;10.4948;N.A.;N.A.;11-Jun-2010
112196;ICICI Prudential Fixed Maturity Plan Series 49 - 1 Year Plan B Institutional Growth;;;10.4948;N.A.;N.A.;11-Jun-2010
112195;ICICI Prudential Fixed Maturity Plan Series 49 - 1 Year Plan B Retail Dividend;;;10.4692;N.A.;N.A.;11-Jun-2010
112194;ICICI Prudential Fixed Maturity Plan Series 49 - 1 Year Plan B Retail Growth;;;10.4692;N.A.;N.A.;11-Jun-2010
112233;ICICI Prudential FMP Series 49 - 1 Year Plan C Retail Dividend;;;10.3172;N.A.;N.A.;11-Jun-2010
112234;ICICI Prudential FMP Series 49 - 1 Year Plan C Retail Growth;;;10.3172;N.A.;N.A.;11-Jun-2010
112187;ICICI Prudential Fixed Maturity Plan Series 49 - 3 Years Plan A Institutional Dividend;INF109K01118;;10.3197;N.A.;N.A.;11-Jun-2010
112186;ICICI Prudential Fixed Maturity Plan Series 49 - 3 Years Plan A Institutional Growth;INF109K01126;;10.7657;N.A.;N.A.;11-Jun-2010
112185;ICICI Prudential Fixed Maturity Plan Series 49 - 3 Years Plan A Retail Dividend;INF109K01076;;10.3125;N.A.;N.A.;11-Jun-2010
112184;ICICI Prudential Fixed Maturity Plan Series 49 - 3 Years Plan A Retail Growth;INF109K01084;;10.7395;N.A.;N.A.;11-Jun-2010
112262;ICICI Prudential Fixed Maturity Plan Series 49 - 3 Years Plan B Institutional Growth;INF109K01258;;10.5169;N.A.;N.A.;11-Jun-2010
112261;ICICI Prudential Fixed Maturity Plan Series 49 - 3 Years Plan B Retail Dividend;INF109K01308;;10.0707;N.A.;N.A.;11-Jun-2010
112260;ICICI Prudential Fixed Maturity Plan Series 49 - 3 Years Plan B Retail Growth;INF109K01290;;10.4984;N.A.;N.A.;11-Jun-2010
112281;ICICI Prudential Fixed Maturity Plan Series 50 - 18 Months Plan A Cumulative;;;10.3621;N.A.;N.A.;11-Jun-2010
112282;ICICI Prudential Fixed Maturity Plan Series 50 - 18 Months Plan A Dividend;;;10.3621;N.A.;N.A.;11-Jun-2010
112283;ICICI Prudential Fixed Maturity Plan Series 50 - 18 Months Plan B Cumulative;;;10.3790;N.A.;N.A.;11-Jun-2010
112284;ICICI Prudential Fixed Maturity Plan Series 50 - 18 Months Plan B Dividend;;;10.3790;N.A.;N.A.;11-Jun-2010
112324;ICICI Prudential Fixed Maturity Plan Series 50 - 19 Months Plan A Cumulative;;;10.3335;N.A.;N.A.;11-Jun-2010
112325;ICICI Prudential Fixed Maturity Plan Series 50 - 19 Months Plan A Dividend;;;10.3335;N.A.;N.A.;11-Jun-2010
112667;ICICI Prudential Fixed Maturity Plan - Series 51 - 1 Year Plan A Cumulative;;;10.1983;N.A.;N.A.;11-Jun-2010
112668;ICICI Prudential Fixed Maturity Plan - Series 51 - 1 Year Plan A Dividend;;;10.1983;N.A.;N.A.;11-Jun-2010
112732;ICICI Prudential Fixed Maturity Plan - Series 51-14 Months Plan D Cumulative;;;10.1713;N.A.;N.A.;11-Jun-2010
112733;ICICI Prudential Fixed Maturity Plan - Series 51-14 Months Plan D Dividend;;;10.1713;N.A.;N.A.;11-Jun-2010
112692;ICICI Prudential Fixed Maturity Plan - Series 51 - 3 Years Plan F Cumulative;INF109K01DH8;;10.1897;N.A.;N.A.;11-Jun-2010
112691;ICICI Prudential Fixed Maturity Plan - Series 51 - 3 Years Plan F Dividend;INF109K01DG0;;10.1897;N.A.;N.A.;11-Jun-2010

ING Mutual Fund
109460;ING Interval Fund (Annual Interval Fund - B)-Retail Plan-Growth Option;;;11.4191;11.4191;11.4191;11-Jun-2010
109457;ING Interval Fund (Annual Interval Fund - B)-Retail Plan-Quarterly Dividend Option;;;10.2303;10.2303;10.2303;11-Jun-2010
109456;ING Interval Fund (Annual Interval Fund - B)-Retail Plan-Regular Dividend Option;;;10.2768;10.2768;10.2768;11-Jun-2010

Invesco Mutual Fund
112381;Religare Fixed Maturity Plan-Series II-Plan A -Dividend Payout;INF205K01AK4;;10.1628;10.1628;10.1628;11-Jun-2010
112380;Religare Fixed Maturity Plan-Series II-Plan A -Growth;INF205K01AL2;;10.1628;10.1628;10.1628;11-Jun-2010
112710;Religare Fixed Maturity Plan-Series II-Plan A to F - Plan B - Dividend Payout;INF205K01AM0;;10.2137;10.2137;10.2137;11-Jun-2010
112709;Religare Fixed Maturity Plan-Series II-Plan A to F - Plan B - Growth;INF205K01AN8;;10.2137;10.2137;10.2137;11-Jun-2010
112791;Religare Fixed Maturity Plan - Series II - Plan C - Dividend Payout Option;INF205K01AO6;;10.1592;10.1592;10.1592;11-Jun-2010
112792;Religare Fixed Maturity Plan - Series II - Plan C - Growth Option;INF205K01AP3;;10.1592;10.1592;10.1592;11-Jun-2010
112810;Religare Fixed Maturity Plan-Series II- Plan E - Dividend Payout option;INF205K01AS7;;10.1403;10.1403;10.1403;11-Jun-2010
112809;Religare Fixed Maturity Plan-Series II- Plan E - Growth option;INF205K01AT5;;10.1403;10.1403;10.1403;11-Jun-2010
112835;Religare Fixed Maturity Plan - Series II - Plan F - Dividend Payout Option;INF205K01AV1;;10.1244;10.1244;10.1244;11-Jun-2010
112836;Religare Fixed Maturity Plan - Series II - Plan F - Growth Option;INF205K01AU3;;10.1244;10.1244;10.1244;11-Jun-2010

JM Financial Mutual Fund
112257;JM Fixed Maturity Fund - Series XVI - Yearly Plan 1 (JM FMF - XVI - Y1) - Institutional plan - Dividend option;;;10.4226;0.0000;0.0000;11-Jun-2010
112259;JM Fixed Maturity Fund - Series XVI - Yearly Plan 1 (JM FMF - XVI - Y1) - Institutional plan - Growth option;;;10.4226;0.0000;0.0000;11-Jun-2010
112256;JM Fixed Maturity Fund - Series XVI - Yearly Plan 1 (JM FMF - XVI - Y1) - Regular plan - Dividend option;;;10.4070;0.0000;0.0000;11-Jun-2010
112258;JM Fixed Maturity Fund - Series XVI - Yearly Plan 1 (JM FMF - XVI - Y1) - Regular plan - Growth option;;;10.4070;0.0000;0.0000;11-Jun-2010
112686;JM Fixed Maturity Fund - Series XVIII - 15Monthly Plan 1 (JM FMF - XVIII - 15M1) - Regular plan - Dividend option;;;10.1976;0.0000;0.0000;11-Jun-2010
112687;JM Fixed Maturity Fund - Series XVIII - 15Monthly Plan 1 (JM FMF - XVIII - 15M1) - Regular plan - Growth option;;;10.1976;0.0000;0.0000;11-Jun-2010
107277;JM Interval Fund - Quarterly plan 1 (JM QIF - 1) - Institutional plan - Growth option;INF192K01403;;11.8568;11.7382;0.0000;11-Jun-2010
107276;JM Interval Fund - Quarterly plan 1 (JM QIF - 1) - Regular plan - Dividend option;INF192K01379;;10.0658;9.9651;0.0000;11-Jun-2010
107275;JM Interval Fund - Quarterly plan 1 (JM QIF - 1) - Regular plan - Growth option;INF192K01387;;11.7591;11.6415;0.0000;11-Jun-2010

Kotak Mahindra Mutual Fund
112694;Kotak FMP 13M Series 6 Dividend;;;10.181;10.181;10.181;11-Jun-2010
112693;Kotak FMP 13M Series 6 Growth;;;10.181;10.181;10.181;11-Jun-2010
111783;Kotak FMP 18M Series 1 - Growth;;;11.0774;11.0774;11.0774;11-Jun-2010
112279;Kotak FMP 18M Series 2 - Dividend;;;10.3638;10.3638;10.3638;11-Jun-2010
112280;Kotak FMP 18M Series 2 - Growth;;;10.3638;10.3638;10.3638;11-Jun-2010
112320;Kotak FMP 18M Series 3 - Dividend;;;10.2814;10.2814;10.2814;11-Jun-2010
112321;Kotak FMP 18M Series 3 - Growth;;;10.2814;10.2814;10.2814;11-Jun-2010
112734;Kotak FMP 18M Series 4 - Dividend;;;10.1078;10.1078;10.1078;11-Jun-2010
112735;Kotak FMP 18M Series 4 - Growth;;;10.1078;10.1078;10.1078;11-Jun-2010
112826;Kotak FMP 18M Series 5 - Dividend;;;10.0592;10.0592;10.0592;11-Jun-2010
112825;Kotak FMP 18M Series 5 - Growth;;;10.0604;10.0604;10.0604;11-Jun-2010
112178;Kotak FMP 19M Series 2 - Dividend;;;10.5506;10.5506;10.5506;11-Jun-2010
112179;Kotak FMP 19M Series 2 - Growth;;;10.5506;10.5506;10.5506;11-Jun-2010
112677;Kotak FMP 24M Series 1 - Dividend;INF174K01534;;10.172;10.172;10.172;11-Jun-2010
112678;Kotak FMP 24M Series 1 - Growth;INF174K01526;;10.172;10.172;10.172;11-Jun-2010
112247;Kotak FMP 370 Days Series 1 - Dividend;;;10.4408;10.4408;10.4408;11-Jun-2010
112246;Kotak FMP 370 Days Series 1 - Growth;;;10.4408;10.4408;10.4408;11-Jun-2010
112765;Kotak FMP 370 Days Series 2 - Dividend;;;10.1444;10.1444;10.1444;11-Jun-2010
112766;Kotak FMP 370 Days Series 2 - Growth;;;10.1444;10.1444;10.1444;11-Jun-2010
112827;Kotak FMP 370 Days Series 3 - Dividend;;;10.14;10.14;10.14;11-Jun-2010
112828;Kotak FMP 370 Days Series 3 - Growth;;;10.14;10.14;10.14;11-Jun-2010

L&T Mutual Fund
112822;L&T Fixed Maturity Plan - Series 12 - Plan15M - March10 - I - Growth;;;10.1806;0.0000;0.0000;11-Jun-2010
112701;L&T Fixed Maturity Plan - Series 12 - Plan15M - March10 - I -Dividend Payout;;;10.1806;0.0000;0.0000;11-Jun-2010
112865;L&T Fixed Maturity Plan - Series 12 - Plan15M - March10 - II - Div Payout;;;10.1440;0.0000;0.0000;11-Jun-2010
112716;L&T Fixed Maturity Plan - Series 12 - Plan15M - March10 - II - Growth Option;;;10.1440;0.0000;0.0000;11-Jun-2010
112852;L&T Fixed Maturity Plan - Series 12 - Plan91D - March10 - II - Growth;;;10.1359;0.0000;0.0000;11-Jun-2010
112711;L&T Fixed Maturity Plan - Series 12 - Plan91D - March10 - II -Dividend (Payout);;;10.1359;0.0000;0.0000;11-Jun-2010

Nippon India Mutual Fund
112914;Reliance Dual Advantage Fixed Tenure Fund - Plan A - Dividend Payout option;INF204K01HH8;;10.0349;10.0349;10.0349;11-Jun-2010
112913;Reliance Dual Advantage Fixed Tenure Fund - Plan A - Growth option;INF204K01HG0;;10.0349;10.0349;10.0349;11-Jun-2010
109424;Reliance Fixed Horizon Fund - IX - Series 10 - Institutional Plan-Dividend Option;;;11.5898;11.5898;11.5898;11-Jun-2010
109423;Reliance Fixed Horizon Fund - IX - Series 10 - Institutional Plan-Growth Option;;;12.2800;12.2800;12.2800;11-Jun-2010
109422;Reliance Fixed Horizon Fund - IX - Series 10 - Retail Plan-Dividend Option;;;11.4159;11.4159;11.4159;11-Jun-2010
109421;Reliance Fixed Horizon Fund - IX - Series 10 - Retail Plan-Growth Option;;;12.1803;12.1803;12.1803;11-Jun-2010
112181;Reliance Fixed Horizon Fund - XIII - Series  1 - Dividend Option;;;10.1425;10.1425;10.1425;11-Jun-2010
112180;Reliance Fixed Horizon Fund - XIII - Series  1 - Growth Option;;;10.5008;10.5008;10.5008;11-Jun-2010
112275;Reliance Fixed Horizon Fund - XIII - Series 2 - Dividend Option;;;10.1508;10.1508;10.1508;11-Jun-2010
112276;Reliance Fixed Horizon Fund - XIII Series 2 - Growth Option;;;10.4466;10.4466;10.4466;11-Jun-2010
112308;Reliance Fixed Horizon Fund - XIII - Series 3 - Dividend Payout;;;10.2854;10.2854;10.2854;11-Jun-2010
112307;Reliance Fixed Horizon Fund - XIII - Series 3 - Growth;;;10.2854;10.2854;10.2854;11-Jun-2010
112183;Reliance Fixed Horizon Fund - XIII - Series  4 - Dividend Option;;;10.6338;10.6338;10.6338;11-Jun-2010
112182;Reliance Fixed Horizon Fund - XIII - Series  4 - Growth Option;;;10.6338;10.6338;10.6338;11-Jun-2010
112297;Reliance Fixed Horizon Fund - XIII - Series 5 - Dividend Payout Option;;;10.2035;10.2035;10.2035;11-Jun-2010
112296;Reliance Fixed Horizon Fund - XIII - Series 5 - Growth Option;;;10.4206;10.4206;10.4206;11-Jun-2010
112310;Reliance Fixed Horizon Fund - XIII - Series 6 - Dividend Payout;;;10.3682;10.3682;10.3682;11-Jun-2010
112309;Reliance Fixed Horizon Fund - XIII - Series 6 - Growth;;;10.3682;10.3682;10.3682;11-Jun-2010
112675;Reliance Fixed Horizon Fund - XIV - Series 1 - Dividend Payout Option;;;10.2590;10.2590;10.2590;11-Jun-2010
112676;Reliance Fixed Horizon Fund - XIV - Series 1 - Growth Option;;;10.2590;10.2590;10.2590;11-Jun-2010
112917;Reliance Fixed Horizon Fund - XIV - Series 10 - Dividend Payout Option;INF204K01HJ4;;10.0195;10.0195;10.0195;11-Jun-2010
112918;Reliance Fixed Horizon Fund - XIV - Series 10 - Growth Option;INF204K01HI6;;10.0195;10.0195;10.0195;11-Jun-2010
112725;Reliance Fixed Horizon Fund - XIV - Series 2 - Dividend Payout;;;10.2187;10.2187;10.2187;11-Jun-2010
112724;Reliance Fixed Horizon Fund - XIV - Series 2- Growth Option;;;10.2187;10.2187;10.2187;11-Jun-2010
112727;Reliance Fixed Horizon Fund - XIV - Series 3 - Growth Option;;;10.1698;10.1698;10.1698;11-Jun-2010
112726;Reliance Fixed Horizon Fund - XIV - Series 3 Dividend Payout;;;10.1698;10.1698;10.1698;11-Jun-2010
112846;Reliance Fixed Horizon Fund - XIV - Series 5 - Growth Option;;;10.1462;10.1462;10.1462;11-Jun-2010
112857;Reliance Fixed Horizon Fund - XIV - Series 7 - Dividend Payout Option;INF204K01GU3;;10.1624;10.1624;10.1624;11-Jun-2010
112806;Reliance Fixed Horizon Fund - XIV - Series 7 - Growth Option;INF204K01GT5;;10.1624;10.1624;10.1624;11-Jun-2010
112845;Reliance Fixed Horizon Fund - XIV - Series 8 - Growth Option;;;10.1358;10.1358;10.1358;11-Jun-2010
112894;Reliance Fixed Horizon Fund - XIV - Series 9 - Dividend Payout Option;INF204K01HD7;;10.0718;10.0718;10.0718;11-Jun-2010
112866;Reliance Fixed Horizon Fund - XIV - Series 9 - Growth Option;INF204K01HC9;;10.0719;10.0719;10.0719;11-Jun-2010
112855;Reliance Fixed Horizon Fund - XIV-Series 4 - Dividend Payout Option;;;10.1584;10.1584;10.1584;11-Jun-2010
112821;Reliance Fixed Horizon Fund - XIV-Series 4 - Growth Option;;;10.1584;10.1584;10.1584;11-Jun-2010
112902;Reliance Fixed Horizon Fund - XV - Series 4 - Dividend Payout Option;;;10.0679;10.0679;10.0679;11-Jun-2010
112903;Reliance Fixed Horizon Fund - XV - Series 4 - Growth Option;;;10.0679;10.0679;10.0679;11-Jun-2010
106781;Reliance Fixed Horizon Fund -V- 3yrs Plan Series-1-Institutional Plan Growth Option;;;12.9648;12.9648;12.9648;11-Jun-2010
106783;Reliance Fixed Horizon Fund -V- 3yrs Plan Series-1-Retail Plan Growth Option;;;12.8893;12.8893;12.8893;11-Jun-2010
106784;Reliance Fixed Horizon Fund -V- 3yrs Plan Series-1-Retail Plan-Dividend Option;;;12.8893;12.8893;12.8893;11-Jun-2010

PineBridge Mutual Fund
109660;PineBridge Quarterly Interval Fund Series I- Standard Plan- Dividend Option;INF178L01244;;1001.6813;994.1687;1001.6813;11-Jun-2010
109661;PineBridge Quarterly Interval Fund Series I- Standard Plan- Growth Option;INF178L01251;;1082.6900;1074.5698;1082.6900;11-Jun-2010
109817;PineBridge Quarterly Interval Fund II Institutional Plan-Dividend;INF178L01285;;1001.4930;993.9818;1001.4930;11-Jun-2010
109816;PineBridge Quarterly Interval Fund II- Standard Plan- Dividend Option;INF178L01269;;1001.4740;993.9629;1001.4740;11-Jun-2010
109818;PineBridge Quarterly Interval Fund II- Standard Plan- Growth;INF178L01277;;1091.0280;1082.8453;1091.0280;11-Jun-2010

Principal Mutual Fund
112698;Principal Pnb Fixed Maturity Plan - 540 Days - Series IV - Dividend Option;;;10.2078;10.2078;10.2078;11-Jun-2010
112699;Principal Pnb Fixed Maturity Plan - 540 Days - Series IV - Growth Option;;;10.2078;10.2078;10.2078;11-Jun-2010

quant Mutual Fund
109070;Escorts Fixed Maturity Plan - Dividend Option;;;0;0;0;11-Jun-2010
109071;Escorts Fixed Maturity Plan - Growth Option;;;0;0;0;11-Jun-2010
109514;Escorts Fixed Maturity Plan - Institutional Dividend;;;0;0;0;11-Jun-2010
109515;Escorts Fixed Maturity Plan - Institutional Growth;;;0;0;0;11-Jun-2010

SBI Mutual Fund
112820;SBI Debt Fund Series -370 Days 3- Dividend (Payout);;;10.1208;N.A.;N.A.;11-Jun-2010
112819;SBI Debt Fund Series -370 Days 3- Growth;;;10.121;N.A.;N.A.;11-Jun-2010
112802;SBI Debt Fund Series 90 Days 33- Dividend;;;10.1206;N.A.;N.A.;11-Jun-2010
112803;SBI Debt Fund Series 90 Days 33- Growth;;;10.1206;N.A.;N.A.;11-Jun-2010
112818;REDEEMED-SBI Debt Fund Series - 15 Months - 5 (09/03/2010)-DIVIDEND;;;10.1632;N.A.;N.A.;11-Jun-2010
112817;REDEEMED-SBI Debt Fund Series - 15 Months - 5 (09/03/2010)-GROWTH;;;10.1633;N.A.;N.A.;11-Jun-2010
112860;Z-REDEEMED-SBI Debt Fund Series - 180 Days - 9 Dividend;;;10.1261;N.A.;N.A.;11-Jun-2010
112764;Z-REDEEMED-SBI Debt Fund Series - 180 days - 9 Growth;;;10.1261;N.A.;N.A.;11-Jun-2010
112916;Z-REDEEMED-SBI Debt Fund Series - 370 Days -4- Growth;;;10.0757;N.A.;N.A.;11-Jun-2010
112893;Z-REDEEMED-SBI Debt Fund Series - 370 Days -4-Dividend;;;10.0757;N.A.;N.A.;11-Jun-2010

Sundaram Mutual Fund
106461;SUNDARAM CAPITAL PROTECTION FUND  SERIES 1-5 YEARS;;;11.9936;11.9936;0.0000;11-Jun-2010
107002;SUNDARAM FIXED INCOME INTERVAL FUND QTRLY PLAN C INST  DIVIDEND;INF903J01CD7;;0.0000;0.0000;0.0000;11-Jun-2010
107000;SUNDARAM FIXED INCOME INTERVAL FUND QTRLY PLAN C REG DIVIDEND;INF903J01CB1;;10.0353;10.0353;0.0000;11-Jun-2010
106999;SUNDARAM FIXED INCOME INTERVAL FUND QTRLY PLAN C REG GROWTH;INF903J01CA3;;11.6494;11.6494;0.0000;11-Jun-2010
109962;SUNDARAM FIXED INCOME INTERVAL FUND QTRLY PLAN E INST   DIVIDEND;INF903J01CH8;;0.0000;0.0000;0.0000;11-Jun-2010
109961;SUNDARAM FIXED INCOME INTERVAL FUND QTRLY PLAN E INST   GROWTH;INF903J01CG0;;0.0000;0.0000;0.0000;11-Jun-2010
109964;SUNDARAM FIXED INCOME INTERVAL FUND QTRLY PLAN E REG  GROWTH;INF903J01CE5;;10.9839;10.9839;10.9839;11-Jun-2010
109963;SUNDARAM FIXED INCOME INTERVAL FUND QTRLY PLAN E REG DIVIDEND;INF903J01CF2;;10.0214;10.0214;10.0214;11-Jun-2010
112749;Sundaram FTP - AA - Dividend Option;;;10.1381;10.1381;10.1381;11-Jun-2010
112750;Sundaram FTP - AA - Growth Option;;;10.1381;10.1381;10.1381;11-Jun-2010
112303;Sundaram FTP - R - Dividend;;;10.1827;10.1827;10.1827;11-Jun-2010
112302;Sundaram FTP - R - Growth;;;10.3659;10.3659;10.3659;11-Jun-2010
112756;Sundaram FTP - U - Dividend Payout Option;;;10.1281;10.1281;10.1281;11-Jun-2010
112757;Sundaram FTP - U - Growth Option;;;10.1281;10.1281;10.1281;11-Jun-2010
112393;Sundaram FTP - Y - Dividend Option;;;10.2445;10.2445;10.2445;11-Jun-2010
112394;Sundaram FTP - Y - Growth Option;;;10.2445;10.2445;10.2445;11-Jun-2010
112704;Sundaram FTP - Z - Dividend Option;;;10.1917;10.1917;10.1917;11-Jun-2010
112705;Sundaram FTP - Z - Growth Option;;;10.1917;10.1917;10.1917;11-Jun-2010
109545;SUNDARAM INTERVAL FUND QUARTERLY SERIES PLAN  D INST  DIVIDEND;INF903J01BP3;;0.0000;0.0000;0.0000;11-Jun-2010
109542;SUNDARAM INTERVAL FUND QUARTERLY SERIES PLAN  D INST  GROWTH;INF903J01BO6;;0.0000;0.0000;0.0000;11-Jun-2010
109543;SUNDARAM INTERVAL FUND QUARTERLY SERIES PLAN  D REG DIVIDEND;INF903J01BN8;;10.0593;10.0593;10.0593;11-Jun-2010
109544;SUNDARAM INTERVAL FUND QUARTERLY SERIES PLAN  D REG GROWTH;INF903J01BM0;;11.7929;11.7929;11.7929;11-Jun-2010

Tata Mutual Fund
112142;Tata Fixed Maturity Plan Series 25 - Scheme A - High Investment Plan - Dividend;INF277K01097;INF277K01105;10.5700;0.0000;0.0000;11-Jun-2010
112141;Tata Fixed Maturity Plan Series 25 Scheme A - High Investment Plan - Growth;;;10.5700;0.0000;0.0000;11-Jun-2010
112139;Tata Fixed Maturity Plan Series 25 - Scheme A - Retail Investment Plan - Dividend;;;10.5430;0.0000;0.0000;11-Jun-2010
112140;Tata Fixed Maturity Plan Series 25 - Scheme A - Retail Investment Plan - Growth;;;10.5430;0.0000;0.0000;11-Jun-2010
112144;Tata Fixed Maturity Plan Series 25 - Scheme A - Super High Investment Plan - Dividend;;;10.5847;0.0000;0.0000;11-Jun-2010
112143;Tata Fixed Maturity Plan Series 25 - Scheme A - Super High Investment Plan - Growth;;;10.5847;0.0000;0.0000;11-Jun-2010
112162;Tata Fixed Maturity Plan Series 25 - Scheme B - High Investment Plan - Dividend;;INF277K01196;10.4786;0.0000;0.0000;11-Jun-2010
112163;Tata Fixed Maturity Plan Series 25 - Scheme B - High Investment Plan - Growth;;;10.4786;0.0000;0.0000;11-Jun-2010
112166;Tata Fixed Maturity Plan Series 25 - Scheme B - Retail Investment Plan - Dividend;;INF277K01162;10.4910;0.0000;0.0000;11-Jun-2010
112167;Tata Fixed Maturity Plan Series 25 - Scheme B - Retail Investment Plan - Growth;;;10.4910;0.0000;0.0000;11-Jun-2010
112164;Tata Fixed Maturity Plan Series 25 - Scheme B - Super High Investment Plan - Growth;;;10.4607;0.0000;0.0000;11-Jun-2010
112777;Tata Fixed Maturity Plan Series 26 - Scheme A - Growth;INF277K01AO5;;10.1500;0.0000;0.0000;11-Jun-2010
112778;Tata Fixed Maturity Plan Series 26 - Scheme A - Periodic Dividend;INF277K01AQ0;;10.1500;0.0000;0.0000;11-Jun-2010
112779;Tata Fixed Maturity Plan Series 26 - Scheme A - Quarterly Dividend;INF277K01AP2;;10.1500;0.0000;0.0000;11-Jun-2010

Taurus Mutual Fund
112384;Tarus FMP 15 Month Series 1 Institutional Growth Plan;;;10.2636;10.2636;10.2636;11-Jun-2010
112383;Taurus FMP 15 Month Series 1 Institutional Dividend Plan;;;0.0000;0.0000;0.0000;11-Jun-2010
112382;Taurus FMP 15 Months series 1 Retail Dividend Plan;;;10.2551;10.2551;10.2551;11-Jun-2010
112377;Taurus FMP 15 Months Series 1 Retail Growth Plan;;;10.2551;10.2551;10.2551;11-Jun-2010
112812;Taurus Fixed Maturity Plan 370 days - Series 3 - Retail Div Plan;;;10.1324;10.1324;10.1324;11-Jun-2010
112811;Taurus Fixed Maturity Plan 370 days - Series 3 - Retail Growth Plan;;;10.1324;10.1324;10.1324;11-Jun-2010
112841;Taurus FMP 385D S-I Inst Plan-Dividend;;;0.0000;0.0000;0.0000;11-Jun-2010
112840;Taurus FMP 385D S-I Inst Plan-G;;;10.1624;10.1624;10.1624;11-Jun-2010
112839;Taurus FMP 385D S-I RP-Dividend;;;10.1568;10.1568;10.1568;11-Jun-2010
112842;Taurus FMP 385D S-I RP-G;;;10.1568;10.1568;10.1568;11-Jun-2010

UTI Mutual Fund
106339;UTI F I I F-Annual Interval Plan Series - II - Institutional  Growth Option;INF789F01FP5;;10.4889;0;0;11-Jun-2010
106340;UTI F I I F-Annual Interval Plan Series - II - Institutional Dividend Option;INF789F01FN0;INF789F01FO8;10.4889;0;0;11-Jun-2010
106338;UTI F I I F-Annual Interval Plan Series - II - Regular Plan - Growth Option;INF789F01FM2;;12.6639;0;0;11-Jun-2010
106337;UTI FIIF Annual Interval Plan II - Regular Plan - IDCW;INF789F01FK6;INF789F01FL4;10.4585;0;0;11-Jun-2010
107070;UTI FIIF Annual Interval Plan IV - Regular Plan - IDCW;INF789F01FW1;INF789F01FX9;10.2762;0;0;11-Jun-2010
111478;UTI Fixed Interval Income Fund (Annual Interval Plan) Series IV - Instn Dividend Option;INF789F01FZ4;INF789F01GA5;10.3206;0;0;11-Jun-2010
107071;UTI Fixed Interval Income Fund (Annual Interval Plan) Series IV - Regular Plan - Growth Option;INF789F01FY7;;12.2115;0;0;11-Jun-2010
107089;UTI FIIF Half Yearly Plan I - Regular Plan - IDCW;INF789F01EY0;INF789F01EZ7;10.0225;0;0;11-Jun-2010
107090;UTI Fixed  Income Interval Fund ( Half Yearly Plan - I) - Instn Dividend Option;INF789F01FB5;INF789F01FC3;10.0232;0;0;11-Jun-2010
107088;UTI Fixed  Income Interval Fund ( Half Yearly Plan - I) - Regular Plan - Growth Option;INF789F01FA7;;12.0295;0;0;11-Jun-2010
107226;UTI FIIF Half Yearly Plan II - Regular Plan - IDCW;INF789F01HG0;INF789F01HH8;10.0054;0;0;11-Jun-2010
107225;UTI Fixed Income Interval Fund ( Half Yearly Plan-II)- Instn. Dividend Option;INF789F01HJ4;INF789F01HK2;10.0059;0;0;11-Jun-2010
107227;UTI Fixed Income Interval Fund ( Half Yearly Plan-II)- Instn. Growth Option;INF789F01HL0;;10.006;0;0;11-Jun-2010
107228;UTI Fixed Income Interval Fund ( Half Yearly Plan-II)- Regular Plan - Growth Option;INF789F01HI6;;11.8818;0;0;11-Jun-2010
106145;UTI - Fixed Income Interval Fund - Monthly Interval Plan  - Regular Plan - Growth Option;INF789F01EU8;;12.4943;0;0;11-Jun-2010
106549;UTI - Fixed Income Interval Fund - Monthly Interval Plan - Institutional Dividend Option;INF789F01EV6;INF789F01EW4;10.0248;0;0;11-Jun-2010
106550;UTI - Fixed Income Interval Fund - Monthly Interval Plan - Institutional Growth Option;INF789F01EX2;;12.1711;0;0;11-Jun-2010
106146;UTI FIIF Monthly Interval Plan I - Regular Plan - Monthly IDCW;INF789F01ES2;INF789F01ET0;10.0248;0;0;11-Jun-2010
107195;UTI FIIF Monthly Interval Plan II - Regular Plan - Monthly IDCW;INF789F01EM5;INF789F01EN3;10.0045;0;0;11-Jun-2010
107196;UTI Fixed Income Interval Fund - Monthly Interval Plan II-Instn Growth Option;INF789F01ER4;;10.0046;0;0;11-Jun-2010
107194;UTI Fixed Income Interval Fund - Monthly Interval Plan II-Instn. Dividend Option;INF789F01EP8;INF789F01EQ6;10.0045;0;0;11-Jun-2010
107193;UTI Fixed Income Interval Fund - Monthly Interval Plan II-Regular Plan - Growth Option;INF789F01EO1;;12.0185;0;0;11-Jun-2010
106365;UTI FIIF Quarterly Interval Plan III - Regular Plan - IDCW;INF789F01GI8;INF789F01GJ6;10.0246;0;0;11-Jun-2010
106368;UTI Fixed  Income Interval Fund ( Quarterly Interval Plan - III) - Inst Growth Plan;INF789F01GN8;;12.3816;0;0;11-Jun-2010
106366;UTI Fixed  Income Interval Fund ( Quarterly Interval Plan - III) -Regular Plan - Growth Option;INF789F01GK4;;12.3233;0;0;11-Jun-2010
106367;UTI Fixed  Income Interval Fund ( Quarterly Interval Plan -III) - Inst Dividend Plan;INF789F01GL2;INF789F01GM0;10.0255;0;0;11-Jun-2010
109465;UTI F I I F Series II -Quarterly Interval Plan - IV -Regular Plan - Growth Option;INF789F01GQ1;;11.5287;0;0;11-Jun-2010
109464;UTI FIIF Sr-2 Quarterly Interval Plan IV - Regular Plan - IDCW;INF789F01GO6;INF789F01GP3;10.0778;0;0;11-Jun-2010
110468;UTI F I I F Series II -Quarterly Interval Plan - VII - Regular Plan - Growth Option;INF789F01EI3;;11.4459;0;0;11-Jun-2010
110469;UTI FIIF Sr-2 Quarterly Interval Plan VII - Regular Plan - IDCW;INF789F01EG7;INF789F01EH5;10.0982;0;0;11-Jun-2010
107497;UTI - Investment Bond Fund - Dividend Option;;;10.3414;0;0;11-Jun-2010
107498;uti - Investment Bond Fund - Growth Option;;;10.3414;0;0;11-Jun-2010
106185;UTI Annual Interval Fund - I - ( Instn Growth Option );INF789F01FJ8;;12.7636;0;0;11-Jun-2010
106183;UTI Annual Interval Fund - I - Regular Plan - Growth Option;INF789F01FG4;;12.6013;0;0;11-Jun-2010
106186;UTI Annual Interval Fund - I - Regular Plan - IDCW;INF789F01FE9;INF789F01FF6;10.5562;0;0;11-Jun-2010
106707;UTI Annual Interval Fund - II - Regular Plan - Growth Option;INF789F01FS9;;12.5257;0;0;11-Jun-2010
106706;UTI Annual Interval Fund - II - Regular Plan - IDCW;INF789F01FQ3;INF789F01FR1;10.3494;0;0;11-Jun-2010
106708;UTI Fixed Interval Income Fund (Annual Interval Fund)  Series III - Instn Dividend Option;INF789F01FT7;INF789F01FU5;10.3855;0;0;11-Jun-2010
106709;UTI Fixed Interval Income Fund (Annual Interval Fund)  Series III - Instn Growth Option;INF789F01FV3;;12.6715;0;0;11-Jun-2010
104954;UTI Capital Protection Oriented Scheme - 5 Years -Growth Option;;;13.1174;0;0;11-Jun-2010
104953;UTI Capital Protection Orinted Scheme - Plan 5 years- Income Option;;;13.1174;0;0;11-Jun-2010
112248;UTI Fixed Maturity Plan Yearly Series -Sept 09 - Dividend Option;;;10.1354;0;0;11-Jun-2010
112251;UTI Fixed Maturity Plan Yearly Series -Sept 09 - Growth Option;;;10.4847;0;0;11-Jun-2010
112249;UTI Fixed Maturity Plan Yearly Series -Sept 09 - Instn Dividend Option;;;10.145;0;0;11-Jun-2010
112250;UTI Fixed Maturity Plan Yearly Series -Sept 09 - Instn Growth Option	;;;10.5188;0;0;11-Jun-2010
110133;UTI Fixed Term Income Fund S-V - P-III (24 Mths) - Dividend Option;;;10.4106;0;0;11-Jun-2010
110134;UTI Fixed Term Income Fund S-V - P-III (24 Mths) - Growth Option;;;12.1006;0;0;11-Jun-2010
110135;UTI Fixed Term Income Fund S-V - P-III (24 Mths) - Instn Growth Option;;;12.3258;0;0;11-Jun-2010
112808;UTI FTIF - Series VII -Plan II - Growth Option;;;10.1896;0;0;11-Jun-2010
112807;UTI FTIF - Series VII -Plan II - Income Option;;;10.1896;0;0;11-Jun-2010
112910;UTI FTIF Series VII - III (367 D) - Growth Option;;;10.0911;0;0;11-Jun-2010
112909;UTI FTIF Series VII - III (367 D) - Income Option;;;10.091;0;0;11-Jun-2010
112951;UTI FTIF Series VIII - I ( 367 D ) - Dividend Option;;;10.0183;0;0;11-Jun-2010
112950;UTI FTIF Series VIII - I ( 367 D ) - Growth Option;;;10.0183;0;0;11-Jun-2010
106058;UTI Fixed  Income Interval Fund ( Quarterly Interval Plan - I) - Inst Dividend Plan;INF789F01GF4;INF789F01GG2;10.1272;0;0;11-Jun-2010
106059;UTI Fixed  Income Interval Fund ( Quarterly Interval Plan - I) - Inst Growth Plan;INF789F01GH0;;10.1272;0;0;11-Jun-2010
106060;UTI Quarterly Interval Fund - I - Regular Plan - Growth Option;INF789F01GE7;;12.5659;0;0;11-Jun-2010
106057;UTI Quarterly Interval Fund - I - Regular Plan - IDCW;INF789F01GC1;INF789F01GD9;10.1236;0;0;11-Jun-2010
109619;UTI F I I F Series II -Quarterly Interval Plan - V - Instn Dividend Option;INF789F01GX7;INF789F01GY5;10.048;0;0;11-Jun-2010
109617;UTI Quarterly Interval Fund - II - Regular Plan - Growth Option;INF789F01GW9;;11.3106;0;0;11-Jun-2010
109618;UTI Quarterly Interval Fund - II - Regular Plan - IDCW;INF789F01GU3;INF789F01GV1;10.0462;0;0;11-Jun-2010
110022;UTI F I I F Series II -Quarterly Interval Plan - VI-Institutional Divided Option;INF789F01HD7;INF789F01HE5;10.003;0;0;11-Jun-2010
110023;UTI F I I F Series II -Quarterly Interval Plan - VI-Institutional Growth Option;INF789F01HF2;;10.1583;0;0;11-Jun-2010
110024;UTI Quarterly Interval Fund - III -Regular Plan - Growth Option;INF789F01HC9;;11.2656;0;0;11-Jun-2010
110021;UTI Quarterly Interval Fund - III -Regular Plan - IDCW;INF789F01HA3;INF789F01HB1;10.003;0;0;11-Jun-2010
112850;UTI-FMP-Yearly Series March 10 - Growth Option;;;10.1366;0;0;11-Jun-2010
112849;UTI-FMP-Yearly Series March 10 - Income Option;;;10.1366;0;0;11-Jun-2010
112851;UTI-FMP-Yearly Series March 10 - Instn Growth Option;;;10.1456;0;0;11-Jun-2010
112334;UTI-FMP-Yearly Series Nov 09 - Dividend Option;;;10.1173;0;0;11-Jun-2010
112335;UTI-FMP-Yearly Series Nov 09 - Growth Option;;;10.2676;0;0;11-Jun-2010
112336;UTI-FMP-Yearly Series Nov 09 - Instn Dividend Option;;;10.1277;0;0;11-Jun-2010
112337;UTI-FMP-Yearly Series Nov 09 - Instn Growth Option;;;10.2927;0;0;11-Jun-2010
112392;UTI - UTI-FTIF Series VII Plan I  - Growth Option;;;10.2437;0;0;11-Jun-2010
112391;UTI - UTI-FTIF Series VII Plan I- Dividend Option;;;10.2438;0;0;11-Jun-2010

Close Ended Schemes ( Growth )


Canara Robeco Mutual Fund
104861;Canara Robeco Multicap-DIVIDEND OPTION;INF760K01AU7;INF760K01AV5;13.4600;13.4600;13.4600;11-Jun-2010
104860;Canara Robeco Multicap-GROWTH OPTION;INF760K01AW3;;14.5100;14.5100;14.5100;11-Jun-2010

Principal Mutual Fund
106723;Principal Pnb Long Term Equity Fund 3 Year Plan Series II - Dividend Option;;;11.19;11.19;11.19;11-Jun-2010
106722;Principal Pnb Long Term Equity Fund 3 Year Plan Series II - Growth Option;;;11.19;11.19;11.19;11-Jun-2010

SBI Mutual Fund
106097;OLD-SBI INFRASTRUCTURE FUND - SERIES I REPURCHASE DIVIDEND (6/7/2007);;;9.85;N.A.;N.A.;11-Jun-2010
106098;OLD-SBI INFRASTRUCTURE FUND - SERIES I REPURCHASE GROWTH (6/7/2007);;;9.84;N.A.;N.A.;11-Jun-2010

Sundaram Mutual Fund
104998;Sundaram Select Small Cap Dividend;;;12.2672;12.2672;0.0000;11-Jun-2010
104999;Sundaram Select Small Cap- Growth;;;12.2666;12.2666;0.0000;11-Jun-2010

UTI Mutual Fund
107432;UTI - Infrastructure Advantage Fund - Growth Option;;;8.68;0;0;11-Jun-2010
107431;UTI - Infrastructure Advantage Fund -Dividend Option;;;8.68;0;0;11-Jun-2010
104459;UTI Wealth Builder Fund - Dividend Option;;;13.26;0;0;11-Jun-2010
104460;UTI Wealth Builder Fund - Growth Option;;;15.22;0;0;11-Jun-2010

Close Ended Schemes ( Balanced )


Tata Mutual Fund
112009;Tata Smart Investment Plan - 1 - Scheme A - Dividend;INF277K01022;;10.9486;0.0000;0.0000;11-Jun-2010
112008;Tata Smart Investment Plan - 1 - Scheme A - Growth;INF277K01014;;10.9486;0.0000;0.0000;11-Jun-2010
112011;Tata Smart Investment Plan - 1 - Scheme B - Dividend;INF277K01048;;10.5201;0.0000;0.0000;11-Jun-2010
112010;Tata Smart Investment Plan - 1 - Scheme B - Growth;INF277K01030;;10.5202;0.0000;0.0000;11-Jun-2010

Close Ended Schemes ( ELSS )


Bandhan Mutual Fund
108864;IDFC Tax Saver (ELSS) Fund A DIVIDEND;INF194K01276;INF194K01284;13.4682;13.4682;13.4682;11-Jun-2010
108865;IDFC Tax Saver (ELSS) Fund A GROWTH;INF194K01268;;13.4685;13.4685;13.4685;11-Jun-2010

ICICI Prudential Mutual Fund
112101;ICICI Prudential R.I.G.H.T. Fund Dividend;INF109KA1XQ0;;11.05;N.A.;N.A.;11-Jun-2010
112100;ICICI Prudential R.I.G.H.T. Fund Growth;INF109KA1XP2;;11.05;N.A.;N.A.;11-Jun-2010

ING Mutual Fund
105324;ING RetireInvest Fund Series I - Dividend;INF084M01143;;11.8300;11.4470;N.A.;11-Jun-2010
105325;ING RetireInvest Fund Series I - Growth;INF084M01135;;11.8300;11.4470;N.A.;11-Jun-2010

Invesco Mutual Fund
107714;Invesco India AGILE Tax Fund - Dividend Option;INF205K01FT4;;6.65;0.00;0.00;11-Jun-2010
107773;Invesco India AGILE Tax Fund - Growth Option;INF205K01FS6;;6.64;0.00;0.00;11-Jun-2010

L&T Mutual Fund
112625;L&T Long Term Advantage Fund I - Regular Plan - Dividend;INF917K01BQ9;;14.62;0.00;0.00;11-Jun-2010
112624;L&T Long Term Advantage Fund I - Regular Plan - Growth;INF917K01BR7;;19.90;0.00;0.00;11-Jun-2010

Nippon India Mutual Fund
107900;Reliance Equity Linked Saving Fund - Series I - Dividend Plan;INF204K01ON2;;13.2207;13.2207;13.2207;11-Jun-2010
107901;Reliance Equity Linked Saving Fund - Series I - Growth Plan;INF204K01OM4;;13.2207;13.2207;13.2207;11-Jun-2010

Tata Mutual Fund
111779;Tata Infrastructure Tax Saving Fund - Dividend;INF277K01790;;16.5155;0.0000;0.0000;11-Jun-2010
111778;Tata Infrastructure Tax Saving Fund - Growth;INF277K01808;;16.5155;0.0000;0.0000;11-Jun-2010
103470;Tata Tax Advantage Fund -1;INF277K01HK8;;14.7782;0.0000;0.0000;11-Jun-2010

UTI Mutual Fund
101834;UTI - Master Equity Plan Unit Scheme;;;45.07;0;0;11-Jun-2010
105497;UTI Long Term Advantage Fund  - Dividend Option;;;12.04;0;0;11-Jun-2010
105498;UTI Long Term Advantage Fund  - Growth Option;;;12.04;0;0;11-Jun-2010
108231;UTI-Long Term Advantage Fund Series -II - Growth Option;;;13.1;0;0;11-Jun-2010
108232;UTI-Long Term Advantage Fund Series-II - Dividend Option;;;13.1;0;0;11-Jun-2010

Close Ended Schemes ( Fund of Funds - Domestic )


ING Mutual Fund
106865;ING OptiMix Dynamic Multi Manager FoF Scheme-Series IV - Dividend Option;;;9.4848;9.4556;0.0000;11-Jun-2010
106866;ING OptiMix Dynamic Multi Manager FoF Scheme-Series IV - Growth Option;;;9.4847;9.4555;0.0000;11-Jun-2010
106318;ING OptiMix Dynamic Multi-Manager FoF Scheme - Series III - Dividend;;;10.1862;10.1710;0.0000;11-Jun-2010
106319;ING OptiMix Dynamic Multi-Manager FoF Scheme - Series III - Growth;;;10.1862;10.1710;0.0000;11-Jun-2010
107048;ING OptiMix Equity Multi Manager FoF Scheme-Series II Dividend Option;;;9.6001;9.5406;0.0000;11-Jun-2010
107049;ING OptiMix Equity Multi Manager FoF Scheme-Series II Growth Option;;;9.6001;9.5406;0.0000;11-Jun-2010

Kotak Mahindra Mutual Fund
106847;Kotak Blended FOF - Dividend;;;10.542;10.542;10.542;11-Jun-2010

Interval Fund Schemes ( Income )


LIC Mutual Fund
108438;LIC MF Interval Fund Annual Plan-Series 1-Regular Plan-Dividend;INF767K01329;INF767K01337;10.0231;9.8728;0.0000;11-Jun-2010
108439;LIC MF Interval Fund Annual Plan-Series 1-Regular Plan-Growth;INF767K01345;;11.6832;11.5080;0.0000;11-Jun-2010
108416;LIC MF Interval Fund Monthly Plan-Series 1-Regular Plan-Dividend;INF767K01295;INF767K01303;10.0282;10.0031;0.0000;11-Jun-2010
108417;LIC MF Interval Fund Monthly Plan-Series 1-Regular Plan-Growth;INF767K01311;;11.6465;11.6174;0.0000;11-Jun-2010
108408;LIC MF Interval Fund Quarterly Plan-Series 1-Regular Plan-Dividend;INF767K01238;INF767K01246;10.0363;9.9861;0.0000;11-Jun-2010
108411;LIC MF Interval Fund Quarterly Plan-Series 1-Regular Plan-Growth;INF767K01253;;11.7063;11.6478;0.0000;11-Jun-2010
109917;LIC MF Interval Fund Quarterly Plan-Series 2-Regular Plan-Dividend;INF767K01261;INF767K01279;10.0936;10.0431;0.0000;11-Jun-2010
109916;LIC MF Interval Fund Quarterly Plan-Series 2-Regular Plan-Growth;INF767K01287;;11.4158;11.3587;0.0000;11-Jun-2010

Nippon India Mutual Fund
105662;NIPPON INDIA ANNUAL INTERVAL FUND - SERIES I - RETAIL Plan - IDCW Option;INF204K01EA0;INF204K01EB8;10.0313;10.0313;10.0313;11-Jun-2010
105661;Nippon India Interval Fund Annual Interval Fund Series-I-Retail Plan Growth Option;INF204K01DZ9;;12.7453;12.7453;12.7453;11-Jun-2010
105229;Nippon India Interval Fund-Monthly Interval Fund-Series-I- Growth Option;INF204K01CV0;;12.5515;12.5515;12.5515;11-Jun-2010
105232;Nippon India Interval Fund-Monthly Interval Fund-Series-I-Institutional Plan-Dividend Option;INF204K01CZ1;INF204K01DA2;10.0322;10.0322;10.0322;11-Jun-2010
105230;NIPPON INDIA MONTHLY INTERVAL FUND - SERIES I - IDCW Option;INF204K01CW8;INF204K01CX6;10.0307;10.0307;10.0307;11-Jun-2010
105231;Reliance Interval Fund-Monthly Interval Fund-Series-I-Institutional Plan-Growth Option;INF204K01CY4;;12.5568;12.5568;12.5568;11-Jun-2010
105400;Nippon India Interval Fund-Monthly Interval Fund-Series-II -Growth Option;INF204K01DB0;;12.5435;12.5435;12.5435;11-Jun-2010
105402;Nippon India Interval Fund-Monthly Interval Fund-Series-II-Institutional Plan-Dividend Option;INF204K01DF1;INF204K01DG9;10.0210;10.0210;10.0210;11-Jun-2010
105401;NIPPON INDIA MONTHLY INTERVAL FUND - SERIES II - IDCW Option;INF204K01DC8;INF204K01DD6;10.0202;10.0202;10.0202;11-Jun-2010
105399;Reliance Interval Fund-Monthly Interval Fund-Series-II-Institutional Plan-Growth Option;INF204K01DE4;;12.5484;12.5484;12.5484;11-Jun-2010
105691;Nippon India Interval Fund-Quarterly Interval Fund Serie-II-Institutional Plan -Dividend Option;INF204K01DR6;INF204K01DS4;10.0456;10.0456;10.0456;11-Jun-2010
105689;Nippon India Interval Fund-Quarterly Interval Fund Series-II-Growth Option;INF204K01DN5;;12.6338;12.6338;12.6338;11-Jun-2010
105692;NIPPON INDIA QUARTERLY INTERVAL FUND - SERIES II - IDCW Option;INF204K01DO3;INF204K01DP0;10.0433;10.0433;10.0433;11-Jun-2010
105690;Reliance Interval Fund-Quarterly Interval Fund Serie-II-Institutional Plan Growth Option;INF204K01DQ8;;12.6969;12.6969;12.6969;11-Jun-2010
105434;NIPPON INDIA INTERVAL FUND - QUARTERLY PLAN - SERIES I - IDCW Option;INF204K01DI5;INF204K01DJ3;10.1035;10.1035;10.1035;11-Jun-2010
105436;NIPPON INDIA INTERVAL FUND - QUARTERLY PLAN - SERIES I - INSTITUTIONAL IDCW Option;INF204K01DL9;INF204K01DM7;10.1080;10.1080;10.1080;11-Jun-2010
105433;Nippon India Interval Fund-Quarterly Interval Fund-Series-I - Growth Option;INF204K01DH7;;12.7569;12.7569;12.7569;11-Jun-2010
105435;Reliance Interval Fund-Quarterly Interval Fund-Series-I-Institutional Plan-Growth Option;INF204K01DK1;;10.1006;10.1006;10.1006;11-Jun-2010
105884;Nippon India Interval Fund-Quarterly Interval Fund-Series-III- Growth Option;INF204K01DT2;;12.5054;12.5054;12.5054;11-Jun-2010
105882;Nippon India Interval Fund-Quarterly Interval Fund-Series-III-Institutional Plan-Growth Option;INF204K01DW6;;12.5116;12.5116;12.5116;11-Jun-2010
105885;NIPPON INDIA QUARTERLY INTERVAL FUND - SERIES III - IDCW Option;INF204K01DU0;INF204K01DV8;10.0078;10.0078;10.0078;11-Jun-2010
105883;NIPPON INDIA QUARTERLY INTERVAL FUND - SERIES III - INSTITUTIONAL IDCW Option;INF204K01DX4;INF204K01DY2;10.0080;10.0080;10.0080;11-Jun-2010
